/*--------------------------------*- C++ -*----------------------------------*\
  =========                 |
  \\      /  F ield         | OpenFOAM: The Open Source CFD Toolbox
   \\    /   O peration     | Website:  https://openfoam.org
    \\  /    A nd           | Version:  7
     \\/     M anipulation  |
\*---------------------------------------------------------------------------*/
FoamFile
{
    version     2.0;
    format      ascii;
    class       labelList;
    location    "constant/solid/polyMesh";
    object      faceRegionAddressing;
}
// * * * * * * * * * * * * * * * * * * * * * * * * * * * * * * * * * * * * * //


12636
(
135799
135800
135801
135803
135804
135805
135806
135807
135901
135902
135903
135904
135905
135906
135919
135920
135921
135922
135923
135924
135925
135926
135927
135928
135929
135930
135931
135932
135933
137087
137088
137089
137090
137091
137092
137093
137094
137095
137096
137097
137098
137099
137100
137101
137113
137114
137115
137116
137117
137118
137124
137125
137126
137129
137130
137177
137178
137179
137180
137181
137182
137183
137184
137201
137202
137203
137204
137205
137206
137207
137208
137209
137210
137211
137212
137213
137214
137215
137216
137221
137222
137223
137224
137225
137226
137227
137228
137229
137230
137231
137232
137233
137234
137235
137236
137237
137238
137239
137308
137309
137310
137311
137312
137313
137314
137315
137316
137317
137318
137319
137320
137321
138402
138403
138404
138405
138406
138407
138408
138409
138410
138411
138412
138413
138414
138415
138416
138417
138418
138419
138420
138429
138430
138431
138432
138433
138435
138436
138437
138438
138439
138440
138443
138444
138445
138472
138485
138486
138487
138488
138489
138490
138491
138492
138493
138494
138505
138506
138507
138508
138509
138510
138511
138512
138513
138514
138515
138516
138517
138518
138519
138520
138521
138522
138523
138524
138525
138526
138527
138528
138529
138530
138531
138532
138533
138534
138535
138536
138537
138538
138539
138540
138541
138542
138543
138545
138546
138547
138548
138549
138550
138551
138552
138553
138554
138555
138556
138557
138558
138559
138560
138561
138562
138563
138564
138565
138566
138567
138568
138569
138570
138571
138572
138625
138626
138627
138628
138629
138630
138631
138632
138633
138634
138635
138636
138701
138702
138703
139734
139735
139736
139737
139738
139739
139740
139741
139742
139743
139744
139745
139746
139747
139748
139749
139750
139751
139752
139753
139754
139755
139756
139757
139758
139759
139760
139761
139762
139763
139764
139765
139766
139767
139768
139769
139770
139771
139772
139773
139774
139775
139776
139777
139778
139779
139780
139781
139782
139783
139784
139785
139786
139788
139789
139790
139791
139792
139793
139794
139795
139796
139797
139798
139799
139802
139803
139804
139805
139806
139807
139808
139812
139813
139816
139817
139818
139821
139822
139823
139824
139825
139826
139827
139828
139829
139830
139831
139832
139833
139834
139835
139836
139841
139842
139843
139844
139845
139846
139847
139848
139849
139850
139851
139852
139853
139854
139855
139856
139857
139858
139859
139860
139861
139862
139863
139864
139865
139866
139867
139868
139869
139870
139871
139872
139873
139874
139875
139876
139877
139878
139879
139880
139881
139882
139883
139884
139885
139886
139887
139889
139890
139891
139892
139893
139894
139895
139896
139897
139898
139899
139900
139901
139902
139903
139904
139905
139906
139907
139908
139909
139910
139911
139912
139913
139914
139915
139916
139917
139918
139926
139927
139928
139929
139930
139931
139932
139935
139936
139937
139938
139939
139940
139961
139962
139963
139969
139970
139971
139972
139973
139974
139975
139976
139977
139978
139979
139980
139981
139982
139983
140025
140026
140027
140028
140029
140030
140031
140032
140033
140038
140039
140040
140041
140042
140043
140044
140045
140049
140050
140051
140054
140055
140056
140057
140058
140059
140060
140061
140062
140063
140064
140065
140066
141049
141050
141051
141052
141053
141054
141055
141056
141057
141058
141059
141060
141061
141062
141063
141064
141065
141066
141067
141068
141069
141070
141071
141072
141073
141074
141075
141076
141077
141078
141079
141080
141081
141082
141083
141084
141085
141086
141087
141088
141089
141090
141091
141092
141093
141094
141095
141096
141097
141098
141099
141100
141101
141102
141103
141104
141105
141106
141107
141108
141109
141110
141111
141112
141113
141114
141115
141116
141117
141118
141119
141120
141121
141124
141125
141126
141127
141128
141129
141130
141131
141132
141133
141134
141135
141136
141137
141138
141139
141140
141141
141142
141143
141144
141145
141146
141147
141148
141149
141150
141151
141152
141153
141154
141155
141156
141157
141158
141159
141160
141161
141162
141163
141164
141165
141166
141167
141168
141169
141170
141171
141172
141173
141174
141175
141176
141177
141178
141179
141180
141181
141182
141183
141184
141185
141186
141187
141188
141189
141190
141191
141192
141193
141194
141195
141196
141197
141198
141199
141200
141201
141202
141203
141204
141205
141206
141207
141208
141209
141210
141211
141212
141213
141214
141215
141216
141217
141218
141219
141220
141221
141222
141223
141224
141225
141226
141227
141228
141229
141230
141231
141232
141233
141234
141235
141236
141237
141238
141239
141240
141241
141242
141243
141244
141245
141246
141247
141248
141249
141250
141251
141252
141254
141255
141256
141257
141258
141259
141260
141261
141262
141263
141264
141265
141266
141267
141268
141269
141270
141271
141272
141273
141274
141276
141277
141278
141279
141280
141281
141282
141283
141284
141285
141286
141287
141288
141293
141294
141295
141296
141297
141298
141300
141301
141302
141303
141306
141307
141308
141309
141310
141311
141312
141313
141314
141315
141316
141317
141318
141319
141320
141321
141322
141323
141324
141325
141326
141356
141357
141358
141359
141360
141361
141362
141363
141364
141365
141366
141367
141368
141369
141370
141371
141372
141373
141374
141375
141376
141377
141378
141379
141380
141381
141382
141383
141384
141385
141386
141387
141388
141389
141390
141391
141392
141393
141394
141395
141396
141397
141398
141399
141400
141401
141402
141403
141404
141405
141406
141644
141645
141646
141647
141648
141649
141656
141657
142404
142405
142406
142407
142408
142409
142410
142411
142412
142413
142414
142415
142416
142417
142418
142419
142420
142421
142422
142423
142424
142425
142426
142427
142428
142429
142430
142431
142432
142433
142434
142435
142436
142437
142438
142439
142440
142441
142442
142443
142444
142445
142446
142447
142448
142449
142450
142451
142452
142453
142454
142455
142456
142457
142458
142459
142460
142461
142462
142463
142464
142465
142466
142467
142468
142469
142470
142471
142472
142473
142474
142475
142476
142477
142478
142479
142480
142481
142482
142483
142484
142485
142486
142487
142488
142489
142490
142491
142492
142493
142494
142495
142496
142497
142498
142499
142500
142501
142502
142503
142504
142505
142506
142507
142508
142509
142510
142511
142512
142513
142514
142515
142516
142517
142518
142519
142520
142521
142522
142523
142524
142525
142526
142527
142528
142529
142530
142531
142532
142533
142534
142535
142536
142537
142538
142539
142540
142541
142542
142543
142544
142545
142546
142547
142548
142549
142550
142551
142552
142553
142554
142555
142556
142557
142558
142559
142560
142561
142562
142563
142564
142565
142566
142567
142568
142569
142570
142571
142572
142573
142574
142575
142576
142577
142578
142579
142580
142581
142582
142583
142584
142585
142586
142587
142588
142589
142590
142591
142592
142593
142594
142595
142596
142597
142598
142599
142600
142601
142602
142603
142604
142605
142606
142607
142608
142609
142610
142611
142612
142613
142614
142615
142616
142617
142618
142619
142620
142621
142622
142623
142624
142625
142626
142629
142630
142631
142632
142633
142634
142635
142636
142637
142638
142639
142640
142641
142642
142643
142644
142645
142646
142647
142649
142650
142651
142652
142653
142654
142655
142656
142657
142658
142659
142660
142661
142662
142663
142664
142665
142666
142667
142668
142670
142671
142672
142673
142674
142675
142676
142677
142678
142679
142680
142681
142682
142683
142684
142685
142686
142687
142688
142689
142690
142691
142693
142694
142695
142696
142697
142698
142699
142703
142704
142705
142706
142707
142708
142711
142712
142713
142714
142715
142721
142722
142723
142724
142726
142727
142728
142729
142730
142731
142732
142733
142734
142735
142736
142737
142738
142739
142740
142741
142742
142743
142744
142745
142746
142747
142748
142749
142750
142751
142752
142753
142754
142755
142756
142757
142758
142759
142760
142761
142762
142763
142764
142765
142766
142767
142768
142769
142770
142771
142772
143011
143012
143017
143018
143019
143020
143021
143022
143023
143024
143025
143026
143027
143028
143029
143030
143031
143032
143033
143034
143035
143036
143037
143038
143040
143041
143042
143043
143055
143056
143057
143059
143060
143061
143062
143063
143064
143065
143066
143067
143068
143069
143070
143071
143072
143214
143215
143216
143220
143221
143235
143236
143237
143238
143239
143240
143242
143243
143246
143247
143248
143249
143250
143251
143252
143254
143255
143256
143257
143258
143259
143260
143261
143262
143263
143264
143265
143293
143294
143295
143351
143352
143353
143354
143355
143356
143357
143358
143359
143360
143361
143362
143363
143364
143365
143366
143788
143789
143790
143791
143792
143793
143794
143795
143796
143797
143798
143799
143800
143801
143802
143803
143804
143805
143806
143807
143808
143809
143810
143811
143812
143813
143814
143815
143816
143817
143818
143819
143820
143821
143822
143823
143824
143825
143826
143827
143828
143829
143830
143831
143832
143833
143834
143835
143836
143837
143838
143839
143840
143841
143842
143843
143844
143845
143846
143847
143848
143849
143850
143851
143852
143853
143854
143855
143856
143857
143858
143859
143860
143861
143862
143863
143864
143865
143866
143867
143868
143869
143870
143871
143872
143873
143874
143875
143876
143877
143878
143879
143880
143881
143882
143883
143884
143885
143886
143887
143888
143889
143890
143891
143892
143893
143894
143895
143896
143897
143898
143899
143900
143901
143902
143903
143904
143905
143906
143907
143908
143909
143910
143911
143912
143913
143914
143915
143916
143917
143918
143919
143920
143921
143922
143923
143924
143925
143926
143927
143928
143929
143930
143931
143933
143934
143935
143936
143937
143938
143939
143940
143941
143943
143944
143946
143947
143948
143949
143950
143951
143952
143953
143954
143955
143956
143957
143958
143959
143960
143961
143962
143963
143964
143965
143966
143967
143968
143969
143970
143971
143972
143973
143974
143975
143976
143977
143978
143979
143980
143981
143982
143983
143984
143985
143986
143987
143988
143989
143990
143991
143992
143993
143994
143995
143996
143997
143998
143999
144000
144001
144002
144003
144004
144005
144006
144007
144008
144009
144010
144011
144012
144013
144014
144015
144016
144017
144018
144019
144020
144021
144022
144023
144024
144025
144026
144027
144028
144029
144030
144031
144032
144033
144034
144035
144036
144037
144038
144039
144040
144041
144042
144043
144044
144045
144046
144047
144048
144049
144050
144051
144052
144053
144054
144055
144056
144057
144058
144059
144060
144061
144062
144063
144064
144066
144067
144068
144069
144070
144071
144072
144073
144074
144075
144076
144077
144078
144079
144080
144081
144082
144083
144084
144085
144086
144087
144088
144089
144090
144091
144092
144093
144094
144095
144096
144097
144098
144099
144100
144101
144102
144103
144104
144105
144106
144107
144111
144112
144113
144114
144115
144116
144117
144118
144119
144120
144121
144122
144123
144124
144125
144126
144127
144128
144129
144130
144131
144132
144133
144134
144135
144136
144137
144138
144139
144140
144141
144142
144143
144144
144145
144146
144147
144148
144149
144150
144151
144152
144153
144154
144155
144156
144157
144158
144159
144160
144161
144162
144163
144164
144165
144166
144167
144168
144169
144170
144171
144172
144173
144174
144369
144370
144371
144372
144373
144374
144375
144376
144377
144378
144382
144383
144384
144385
144386
144387
144388
144389
144390
144391
144392
144393
144394
144395
144396
144397
144398
144399
144400
144401
144402
144403
144404
144405
144406
144410
144411
144412
144413
144414
144415
144416
144417
144418
144419
144420
144421
144422
144423
144424
144425
144426
144427
144428
144429
144430
144431
144432
144433
144434
144435
144436
144437
144438
144439
144440
144441
144442
144443
144444
144445
144446
144447
144448
144449
144450
144458
144459
144460
144461
144592
144593
144594
144600
144601
144614
144615
144618
144619
144620
144621
144626
144627
144628
144629
144630
144631
144632
144633
144634
144635
144636
144637
144638
144639
144640
144641
144642
144643
144644
144645
144646
144647
144648
144649
144650
144651
144652
144674
144675
144676
144677
144678
144679
144680
144681
144682
144685
144686
144687
144688
144694
144695
144697
144698
144699
144713
144714
144715
144718
144719
144720
144721
144729
144730
144731
144732
144733
144734
144738
144739
144740
144741
144742
144743
144744
144745
144746
144747
144748
144749
144750
144751
144752
144753
144754
144755
144756
144757
145069
145070
145071
145073
145074
145075
145138
145139
145140
145141
145142
145144
145145
145146
145147
145148
145149
145150
145151
145152
145153
145154
145155
145156
145157
145158
145159
145160
145161
145163
145164
145165
145166
145167
145168
145169
145170
145171
145172
145173
145174
145175
145176
145177
145178
145179
145180
145181
145182
145183
145184
145185
145186
145187
145188
145189
145190
145191
145192
145193
145194
145195
145196
145197
145198
145199
145200
145201
145202
145203
145204
145205
145206
145207
145208
145209
145210
145211
145212
145213
145214
145215
145216
145217
145218
145219
145220
145221
145222
145223
145224
145225
145226
145227
145228
145229
145230
145231
145232
145233
145234
145235
145236
145237
145238
145239
145240
145241
145242
145243
145244
145245
145246
145247
145248
145249
145250
145251
145252
145253
145254
145255
145256
145257
145258
145259
145260
145261
145262
145263
145264
145265
145266
145267
145268
145269
145272
145275
145276
145277
145278
145279
145280
145281
145282
145289
145291
145292
145293
145294
145295
145296
145297
145298
145299
145301
145302
145303
145304
145305
145306
145307
145308
145309
145310
145311
145312
145313
145314
145315
145316
145317
145318
145319
145320
145321
145322
145323
145324
145325
145326
145327
145328
145329
145330
145331
145332
145333
145334
145335
145336
145337
145338
145339
145340
145341
145342
145343
145344
145345
145346
145347
145348
145349
145350
145351
145352
145353
145354
145355
145356
145357
145358
145359
145360
145361
145362
145363
145364
145365
145366
145367
145368
145369
145370
145371
145372
145373
145374
145375
145376
145377
145378
145379
145380
145381
145382
145383
145384
145385
145387
145388
145389
145390
145391
145392
145393
145394
145395
145396
145397
145398
145399
145400
145401
145402
145403
145404
145405
145406
145407
145408
145409
145410
145411
145412
145413
145414
145415
145416
145417
145418
145419
145420
145421
145422
145423
145424
145425
145426
145427
145428
145429
145430
145431
145432
145433
145434
145435
145436
145437
145438
145439
145440
145441
145442
145443
145444
145445
145446
145447
145448
145449
145450
145451
145452
145453
145454
145455
145456
145457
145458
145459
145460
145461
145462
145463
145464
145465
145466
145467
145468
145469
145470
145471
145472
145473
145474
145475
145476
145477
145478
145479
145480
145481
145482
145483
145484
145485
145486
145487
145488
145489
145490
145491
145492
145493
145494
145495
145496
145497
145498
145499
145500
145501
145502
145503
145504
145505
145506
145507
145508
145509
145510
145511
145512
145513
145514
145515
145516
145517
145518
145519
145520
145521
145522
145523
145524
145525
145526
145527
145528
145529
145530
145531
145532
145533
145551
145552
145553
145554
145555
145557
145558
145559
145560
145561
145562
145563
145564
145565
145566
145567
145568
145619
145620
145621
145622
145623
145624
145625
145626
145638
145639
145640
145671
145672
145673
145674
145675
145676
145677
145678
145679
145680
145681
145682
145683
145684
145685
145686
145687
145688
145689
145690
145691
145692
145693
145694
145695
145696
145697
145700
145701
145702
145703
145704
145705
145727
145728
145729
145730
145731
145732
145736
145737
145738
145739
145740
145741
145742
145743
145744
145745
145746
145747
145748
145749
145750
145751
145752
145753
145754
145755
145756
145757
145758
145759
145760
145761
145762
145763
145764
145765
145766
145767
145768
145769
145770
145771
145772
145773
145774
145775
145777
145778
145779
145780
145781
145782
145783
145784
145785
145786
145787
145788
145789
145790
145791
145792
145793
145794
145795
145796
145797
145798
145799
145800
145801
145802
145803
145804
145805
145806
145807
145808
145809
145810
145811
145812
145813
145814
145815
145816
145817
145818
145819
145820
145821
145822
145823
145824
145825
145826
145827
145828
145829
145830
145831
145832
145833
145834
145835
145836
145837
145838
145839
145840
145841
145842
145843
145844
145845
145846
145847
145848
145849
145850
145851
145852
145853
145854
145855
145856
145857
145858
145859
145860
145861
145862
145863
145864
145865
145866
145867
145868
145869
145871
145872
145958
145959
145960
145964
145965
145978
145979
145980
145982
145983
145984
145988
145989
145990
145991
145992
145993
145994
145995
145996
145997
145998
145999
146000
146001
146002
146003
146004
146005
146006
146007
146008
146009
146010
146011
146012
146014
146015
146016
146019
146020
146021
146022
146023
146025
146026
146027
146028
146029
146030
146031
146032
146033
146034
146035
146036
146037
146038
146039
146040
146041
146042
146043
146044
146045
146046
146047
146048
146049
146050
146052
146053
146054
146055
146056
146057
146058
146059
146060
146061
146062
146064
146065
146066
146067
146068
146069
146070
146072
146073
146074
146075
146076
146077
146078
146079
146080
146081
146082
146083
146084
146085
146088
146089
146091
146092
146093
146094
146095
146096
146097
146098
146099
146100
146101
146102
146103
146104
146105
146106
146107
146108
146109
146110
146111
146112
146113
146114
146115
146116
146117
146118
146119
146387
146388
146389
146395
146396
146397
146413
146414
146415
146416
146417
146418
146419
146420
146421
146422
146423
146424
146425
146426
146427
146428
146429
146430
146431
146432
146433
146434
146435
146436
146438
146439
146440
146441
146442
146460
146461
146464
146465
146466
146467
146468
146469
146470
146471
146472
146473
146474
146475
146476
146537
146538
146539
146540
146545
146546
146547
146548
146549
146550
146551
146552
146553
146554
146555
146556
146557
146564
146565
146566
146567
146568
146569
146570
146571
146572
146573
146574
146575
146576
146577
146578
146579
146580
146581
146582
146583
146584
146585
146586
146587
146588
146589
146590
146591
146592
146593
146594
146595
146596
146597
146598
146599
146600
146601
146602
146603
146604
146605
146606
146607
146608
146609
146610
146611
146612
146613
146615
146617
146619
146620
146621
146622
146623
146624
146625
146626
146627
146628
146629
146630
146631
146632
146633
146634
146637
146640
146642
146644
146645
146646
146647
146648
146649
146650
146651
146652
146653
146654
146655
146656
146657
146658
146659
146660
146661
146662
146663
146664
146665
146666
146667
146668
146669
146695
146696
146697
146698
146699
146704
146705
146706
146707
146708
146709
146710
146711
146712
146713
146714
146715
146716
146717
146718
146719
146720
146721
146722
146723
146724
146725
146726
146727
146728
146729
146730
146731
146732
146733
146734
146735
146736
146737
146738
146739
146740
146741
146742
146743
146744
146745
146746
146747
146748
146749
146750
146751
146752
146753
146754
146755
146756
146757
146758
146759
146760
146761
146762
146763
146764
146765
146766
146767
146768
146769
146770
146771
146772
146773
146774
146775
146776
146777
146778
146779
146780
146781
146782
146783
146784
146786
146787
146788
146789
146790
146791
146792
146793
146794
146795
146796
146797
146798
146799
146800
146801
146802
146803
146804
146805
146806
146807
146808
146809
146810
146811
146812
146813
146814
146815
146816
146817
146818
146819
146820
146821
146822
146823
146824
146825
146826
146827
146828
146829
146830
146831
146832
146833
146834
146835
146836
146837
146838
146839
146840
146841
146842
146843
146844
146845
146846
146847
146848
146849
146850
146851
146852
146853
146854
146855
146856
146857
146858
146859
146860
146861
146862
146863
146864
146865
146866
146867
146868
146869
146870
146871
146872
146873
146874
146875
146876
146877
146878
146879
146880
146881
146882
146883
146884
146885
146886
146887
146888
146889
146890
146891
146892
146893
146894
146895
146896
146897
146898
146899
146900
146901
146902
146903
146904
146905
146906
146907
146908
146909
146910
146911
146912
146913
146914
146915
146916
146917
146918
146919
146920
146921
146922
146923
146924
146925
146935
146936
146937
146938
146939
146940
146941
146942
146943
146944
146945
146946
146947
146948
146949
146950
146951
146952
146988
146989
146990
146991
146992
146993
146994
146995
146998
146999
147008
147009
147010
147011
147012
147040
147041
147042
147043
147044
147045
147046
147047
147048
147049
147050
147051
147052
147053
147054
147055
147056
147057
147058
147059
147060
147061
147062
147063
147064
147065
147066
147067
147068
147069
147070
147071
147072
147073
147074
147075
147076
147077
147078
147079
147080
147081
147107
147108
147109
147110
147111
147117
147118
147119
147120
147121
147122
147123
147124
147125
147126
147127
147128
147129
147130
147131
147132
147133
147134
147135
147136
147137
147138
147139
147140
147141
147142
147143
147144
147145
147146
147147
147148
147149
147150
147151
147152
147153
147154
147155
147156
147157
147158
147159
147160
147161
147162
147163
147164
147165
147166
147167
147168
147169
147170
147171
147172
147173
147174
147175
147176
147177
147178
147179
147181
147182
147183
147184
147185
147186
147187
147188
147189
147190
147191
147192
147193
147194
147195
147196
147197
147198
147199
147200
147201
147202
147203
147204
147205
147206
147207
147208
147209
147210
147211
147212
147213
147214
147215
147216
147217
147218
147219
147220
147221
147222
147223
147224
147225
147226
147227
147228
147229
147230
147231
147232
147233
147234
147235
147236
147237
147238
147239
147240
147241
147242
147243
147244
147245
147246
147247
147248
147249
147341
147342
147343
147350
147351
147352
147363
147364
147365
147366
147367
147368
147369
147375
147376
147377
147378
147379
147380
147381
147382
147383
147384
147385
147386
147387
147388
147389
147390
147391
147392
147393
147394
147395
147396
147397
147398
147399
147400
147401
147402
147403
147404
147405
147406
147407
147408
147409
147410
147411
147412
147413
147414
147415
147416
147417
147418
147419
147420
147421
147422
147423
147424
147425
147426
147427
147428
147429
147430
147431
147432
147433
147434
147435
147436
147437
147438
147439
147440
147441
147442
147443
147444
147445
147446
147447
147448
147449
147450
147451
147452
147453
147454
147455
147456
147457
147458
147459
147460
147461
147462
147463
147464
147465
147466
147467
147468
147469
147470
147471
147472
147473
147474
147475
147476
147477
147478
147479
147480
147481
147482
147483
147484
147485
147486
147487
147488
147489
147490
147491
147492
147493
147494
147495
147496
147497
147498
147499
147500
147501
147502
147503
147504
147505
147506
147507
147508
147509
147752
147753
147754
147755
147756
147757
147762
147763
147765
147766
147767
147775
147776
147777
147778
147779
147780
147781
147782
147783
147784
147785
147786
147787
147788
147789
147790
147791
147792
147793
147794
147795
147796
147797
147798
147799
147801
147802
147803
147804
147805
147806
147807
147808
147809
147810
147811
147812
147813
147814
147815
147816
147817
147818
147819
147820
147821
147822
147824
147825
147826
147827
147828
147829
147830
147831
147832
147833
147895
147897
147909
147910
147911
147913
147915
147917
147925
147926
147927
147928
147929
147930
147931
147932
147933
147934
147935
147936
147937
147938
147939
147940
147941
147942
147943
147944
147945
147946
147947
147948
147949
147950
147951
147952
147953
147954
147955
147956
147957
147958
147959
147960
147962
147963
147964
147965
147966
147967
147977
147980
147981
147984
147985
147986
147987
147988
147989
147990
148007
148008
148009
148010
148011
148012
148013
148014
148015
148018
148019
148020
148021
148022
148023
148024
148025
148026
148027
148028
148029
148030
148070
148071
148072
148073
148074
148075
148076
148077
148078
148079
148080
148081
148082
148083
148084
148085
148086
148087
148088
148089
148090
148091
148092
148093
148094
148095
148096
148097
148098
148099
148100
148101
148102
148103
148104
148105
148106
148107
148108
148109
148110
148111
148112
148113
148114
148115
148116
148117
148118
148119
148120
148121
148122
148123
148124
148125
148126
148127
148128
148129
148130
148131
148132
148133
148134
148135
148136
148137
148138
148139
148140
148141
148142
148143
148144
148145
148146
148147
148148
148149
148151
148152
148153
148155
148156
148157
148158
148159
148160
148161
148162
148163
148164
148165
148166
148167
148169
148172
148173
148174
148175
148176
148177
148178
148179
148180
148181
148182
148183
148184
148185
148186
148187
148188
148189
148190
148191
148192
148193
148194
148195
148196
148197
148198
148199
148200
148201
148202
148203
148204
148205
148206
148207
148208
148209
148210
148211
148212
148213
148214
148215
148216
148217
148218
148219
148220
148221
148222
148223
148224
148225
148226
148227
148228
148229
148230
148231
148232
148233
148234
148235
148236
148237
148238
148239
148240
148241
148242
148243
148244
148245
148246
148247
148248
148249
148250
148251
148252
148253
148254
148255
148256
148257
148258
148259
148260
148261
148262
148263
148264
148265
148266
148267
148268
148269
148270
148271
148272
148273
148275
148277
148288
148289
148290
148291
148292
148293
148294
148295
148296
148297
148298
148299
148300
148301
148302
148337
148338
148339
148340
148341
148342
148343
148344
148345
148346
148347
148350
148351
148352
148353
148354
148355
148356
148358
148359
148360
148361
148362
148363
148364
148386
148387
148388
148389
148390
148391
148392
148393
148394
148395
148396
148397
148398
148399
148400
148401
148402
148403
148404
148405
148406
148407
148408
148409
148410
148411
148412
148413
148414
148415
148416
148417
148418
148419
148420
148421
148422
148423
148424
148425
148426
148427
148428
148454
148455
148456
148457
148462
148463
148464
148465
148466
148467
148468
148469
148470
148471
148472
148473
148474
148475
148476
148477
148478
148479
148480
148481
148482
148483
148484
148485
148486
148487
148488
148489
148490
148491
148492
148493
148494
148495
148496
148497
148498
148499
148500
148501
148502
148503
148504
148505
148506
148507
148508
148510
148511
148512
148513
148514
148515
148516
148517
148518
148519
148520
148521
148522
148523
148524
148525
148526
148527
148528
148529
148530
148531
148532
148533
148534
148535
148536
148537
148538
148539
148540
148541
148542
148543
148544
148545
148546
148547
148548
148549
148550
148551
148552
148553
148554
148555
148556
148557
148558
148559
148560
148561
148562
148563
148564
148565
148566
148567
148568
148569
148570
148571
148572
148573
148574
148575
148576
148577
148578
148579
148580
148581
148582
148583
148584
148585
148586
148587
148588
148589
148590
148591
148592
148593
148594
148595
148596
148597
148598
148599
148600
148701
148702
148703
148708
148709
148710
148711
148727
148728
148729
148730
148731
148732
148733
148734
148740
148741
148742
148743
148744
148745
148746
148747
148748
148749
148750
148751
148752
148753
148754
148755
148756
148757
148758
148759
148760
148761
148762
148763
148764
148765
148766
148767
148768
148769
148770
148771
148772
148773
148774
148775
148776
148777
148778
148779
148780
148781
148782
148783
148784
148785
148786
148787
148788
148789
148790
148791
148792
148793
148794
148795
148796
148797
148798
148799
148800
148801
148802
148803
148804
148805
148806
148807
148808
148809
148810
148811
148812
148813
148814
148815
148816
148817
148818
148819
148820
148821
148822
148823
148824
148825
148826
148827
148828
148829
148830
148831
148832
148833
148834
148835
148836
148837
148838
148839
148840
148841
148842
148843
148844
148845
148846
148847
148848
148849
148850
148851
148852
148853
148854
148855
148856
148857
148858
148859
148860
148861
148862
148863
148864
148865
148866
148867
148868
148869
148870
148871
148872
148873
148874
148875
148876
148877
148878
148879
148880
148881
148882
148883
148884
148894
148895
148896
148897
148898
148899
148900
148901
148902
148903
149062
149063
149064
149113
149114
149115
149116
149117
149118
149119
149120
149121
149122
149123
149124
149125
149126
149127
149128
149129
149130
149131
149132
149133
149134
149135
149136
149137
149138
149139
149140
149141
149142
149143
149144
149145
149146
149147
149148
149149
149150
149151
149152
149153
149154
149155
149156
149157
149158
149159
149160
149161
149162
149163
149164
149165
149166
149167
149168
149169
149170
149171
149172
149173
149174
149175
149176
149177
149178
149179
149180
149181
149182
149183
149184
149185
149186
149187
149188
149189
149190
149191
149192
149193
149194
149195
149196
149197
149198
149199
149200
149280
149294
149297
149298
149299
149300
149301
149302
149303
149304
149305
149306
149307
149308
149309
149310
149311
149312
149313
149314
149315
149316
149317
149318
149319
149320
149321
149322
149323
149324
149329
149352
149354
149355
149373
149379
149381
149422
149424
149425
149426
149427
149429
149431
149432
149433
149434
149435
149436
149437
149438
149439
149440
149441
149442
149443
149444
149445
149446
149447
149449
149450
149453
149455
149456
149457
149458
149459
149460
149461
149462
149463
149464
149465
149466
149467
149468
149469
149470
149471
149472
149473
149474
149475
149476
149477
149478
149479
149480
149481
149482
149483
149484
149485
149486
149488
149490
149491
149492
149493
149494
149495
149496
149497
149498
149499
149500
149501
149502
149503
149504
149505
149514
149516
149517
149518
149519
149520
149521
149522
149523
149524
149525
149526
149527
149528
149529
149530
149531
149532
149533
149534
149535
149536
149537
149538
149539
149540
149541
149542
149543
149544
149545
149546
149547
149548
149549
149550
149551
149552
149553
149554
149555
149556
149557
149558
149559
149560
149561
149562
149563
149564
149565
149566
149567
149568
149569
149570
149571
149572
149573
149574
149575
149576
149577
149578
149579
149580
149581
149582
149583
149584
149585
149586
149587
149588
149589
149590
149591
149592
149593
149594
149595
149596
149597
149598
149599
149600
149601
149602
149603
149604
149605
149606
149607
149609
149610
149612
149613
149614
149615
149631
149632
149633
149634
149635
149636
149637
149638
149639
149640
149641
149642
149643
149644
149678
149679
149680
149681
149682
149683
149684
149685
149686
149687
149688
149689
149690
149691
149692
149693
149694
149695
149696
149697
149698
149699
149700
149701
149702
149703
149704
149706
149707
149708
149709
149710
149711
149712
149713
149714
149715
149716
149717
149718
149719
149720
149721
149722
149723
149724
149725
149726
149727
149728
149729
149730
149731
149732
149733
149734
149735
149736
149737
149738
149739
149740
149741
149742
149743
149744
149745
149746
149747
149748
149749
149750
149751
149752
149753
149754
149755
149756
149757
149758
149759
149760
149761
149762
149763
149764
149765
149766
149767
149768
149769
149770
149771
149772
149773
149774
149775
149776
149777
149778
149779
149780
149781
149782
149783
149784
149785
149788
149789
149791
149792
149793
149803
149804
149805
149806
149807
149808
149809
149810
149811
149812
149817
149818
149819
149820
149821
149822
149823
149824
149825
149826
149827
149828
149829
149830
149831
149832
149833
149834
149835
149836
149837
149838
149839
149840
149842
149843
149844
149845
149846
149847
149848
149849
149850
149851
149852
149853
149854
149855
149856
149857
149858
149859
149860
149861
149862
149863
149864
149865
149866
149867
149868
149869
149870
149871
149872
149873
149874
149875
149876
149877
149878
149879
149880
149881
149882
149883
149884
149885
149886
149887
149888
149889
149890
149891
149892
149893
149894
149895
149896
149897
149898
149899
149900
149901
149902
149903
149904
149905
149906
149907
149908
149909
149910
149911
149912
149913
149914
149915
149916
149917
149918
149919
149920
149921
149922
149923
149924
149925
149926
149927
149928
149929
149930
149931
149932
149933
149934
149935
149936
149937
149938
149939
149940
149941
149942
149943
149944
149945
149946
149947
149948
149949
149950
149951
149952
149953
149954
149955
149956
149957
149958
149959
149960
149961
149962
149963
149964
149965
149966
149967
149968
149969
149970
149971
149972
149973
149974
149975
150041
150042
150046
150047
150048
150075
150076
150077
150078
150083
150084
150091
150100
150101
150102
150103
150104
150105
150106
150107
150108
150118
150119
150120
150121
150122
150123
150124
150125
150126
150127
150128
150129
150130
150131
150132
150133
150134
150135
150136
150137
150138
150139
150140
150141
150142
150143
150144
150145
150146
150147
150148
150149
150150
150151
150152
150153
150154
150155
150156
150157
150158
150159
150160
150161
150162
150163
150164
150165
150166
150167
150168
150169
150170
150171
150172
150173
150174
150175
150176
150177
150178
150179
150180
150181
150182
150183
150184
150185
150186
150187
150188
150189
150190
150191
150192
150193
150194
150195
150196
150197
150198
150199
150200
150201
150202
150203
150204
150205
150206
150207
150208
150209
150210
150211
150212
150213
150214
150215
150216
150217
150218
150219
150220
150221
150222
150223
150224
150225
150226
150227
150228
150229
150230
150231
150232
150233
150234
150235
150236
150237
150238
150239
150240
150241
150242
150243
150244
150245
150246
150247
150248
150249
150250
150251
150252
150253
150254
150255
150256
150257
150258
150259
150260
150261
150262
150263
150264
150265
150266
150267
150268
150269
150270
150271
150272
150273
150274
150275
150276
150277
150278
150279
150280
150281
150282
150283
150284
150285
150286
150287
150288
150289
150290
150291
150292
150293
150294
150295
150296
150297
150298
150299
150300
150301
150302
150303
150304
150305
150306
150307
150308
150309
150378
150379
150380
150382
150383
150435
150436
150437
150439
150440
150441
150442
150443
150444
150446
150447
150448
150449
150450
150451
150452
150453
150454
150455
150456
150457
150458
150459
150460
150461
150462
150463
150464
150465
150466
150467
150468
150469
150470
150471
150473
150474
150476
150477
150478
150498
150499
150500
150501
150502
150503
150504
150505
150506
150507
150508
150509
150510
150511
150512
150513
150514
150515
150516
150517
150518
150519
150520
150521
150522
150523
150524
150525
150526
150527
150528
150529
150530
150531
150532
150533
150534
150535
150536
150537
150538
150539
150540
150541
150542
150543
150544
150545
150546
150547
150548
150549
150550
150551
150552
150553
150554
150555
150556
150557
150558
150559
150560
150561
150562
150563
150564
150565
150566
150567
150568
150569
150570
150571
150572
150573
150574
150575
150576
150577
150578
150579
150580
150581
150582
150583
150584
150585
150586
150587
150588
150589
150590
150591
150592
150593
150594
150595
150596
150597
150598
150599
150600
150601
150602
150603
150604
150605
150606
150607
150608
150609
150610
150611
150612
150613
150614
150615
150616
150617
150627
150628
150629
150630
150631
150632
150633
150634
150635
150636
150637
150638
150639
150640
150641
150642
150643
150644
150647
150648
150649
150650
150651
150652
150653
150654
150655
150656
150657
150658
150659
150660
150721
150722
150723
150724
150725
150726
150727
150728
150729
150730
150731
150732
150733
150734
150735
150736
150737
150738
150739
150740
150741
150742
150743
150805
150857
150858
150866
150868
150869
150870
150871
150874
150875
150885
150889
150890
150892
150893
150894
150895
150896
150897
150898
150899
150900
150901
150902
150903
150905
150907
150908
150909
150910
150911
150912
150913
150914
150915
150916
150917
150918
150919
150920
150921
150923
150924
150925
150926
150927
150929
150930
150931
150932
150933
150945
150946
150947
150948
150949
150950
150951
150952
150953
150954
150955
150956
150957
150958
150959
150960
150961
150962
150963
150964
150965
150966
150967
150968
150969
150970
150971
150972
150973
150974
150975
150976
150977
150978
150979
150980
150981
150982
150983
150984
150985
150986
150987
150988
150989
150990
150991
150992
150993
150994
150995
150996
150997
150998
150999
151000
151001
151002
151003
151004
151007
151008
151009
151010
151011
151012
151013
151014
151015
151016
151018
151019
151020
151021
151022
151023
151024
151025
151026
151027
151028
151032
151059
151060
151061
151062
151063
151064
151065
151066
151067
151068
151069
151070
151071
151072
151073
151074
151075
151076
151077
151078
151112
151114
151115
151116
151117
151118
151119
151120
151121
151122
151123
151124
151125
151126
151127
151128
151129
151130
151131
151132
151133
151134
151135
151136
151137
151138
151139
151140
151141
151142
151143
151144
151145
151146
151147
151148
151149
151150
151151
151152
151153
151154
151155
151156
151157
151158
151159
151160
151161
151162
151163
151164
151165
151166
151167
151168
151169
151170
151171
151172
151173
151174
151175
151176
151177
151178
151179
151180
151181
151182
151183
151184
151185
151186
151187
151188
151189
151190
151191
151192
151193
151194
151195
151196
151197
151198
151199
151200
151201
151202
151203
151204
151205
151206
151207
151208
151209
151210
151211
151216
151217
151218
151219
151220
151221
151222
151223
151226
151227
151228
151229
151230
151231
151232
151233
151234
151235
151236
151237
151238
151239
151240
151242
151243
151247
151248
151250
151251
151252
151253
151254
151255
151256
151257
151258
151259
151260
151261
151262
151263
151264
151265
151266
151267
151268
151269
151270
151271
151272
151273
151274
151275
151276
151277
151278
151279
151281
151283
151284
151285
151286
151287
151288
151289
151290
151291
151292
151293
151294
151295
151296
151297
151298
151299
151300
151301
151302
151303
151304
151305
151306
151307
151308
151309
151310
151311
151312
151313
151314
151315
151316
151317
151318
151319
151320
151321
151322
151323
151324
151325
151326
151327
151328
151329
151330
151331
151332
151333
151334
151335
151336
151337
151338
151339
151340
151341
151342
151343
151344
151345
151346
151347
151348
151349
151350
151351
151352
151353
151354
151355
151356
151357
151358
151359
151360
151361
151362
151363
151364
151365
151366
151367
151368
151369
151370
151371
151372
151373
151374
151375
151376
151377
151378
151379
151451
151452
151457
151458
151459
151460
151461
151462
151463
151488
151489
151494
151501
151502
151513
151514
151515
151516
151517
151518
151519
151520
151521
151522
151529
151530
151531
151532
151533
151534
151535
151536
151537
151538
151539
151540
151541
151542
151543
151544
151545
151546
151547
151548
151549
151550
151551
151552
151553
151554
151555
151556
151557
151558
151559
151560
151561
151562
151563
151564
151565
151566
151567
151568
151569
151570
151571
151572
151573
151574
151575
151576
151577
151578
151579
151580
151581
151582
151583
151584
151585
151586
151587
151588
151589
151590
151591
151592
151593
151594
151595
151596
151597
151598
151599
151600
151601
151602
151603
151604
151605
151606
151607
151608
151609
151610
151611
151612
151613
151614
151615
151616
151617
151618
151619
151620
151621
151622
151623
151624
151625
151626
151627
151628
151629
151630
151631
151632
151633
151634
151635
151636
151637
151638
151639
151640
151641
151642
151643
151644
151645
151646
151647
151648
151649
151650
151651
151652
151653
151654
151655
151656
151657
151658
151659
151660
151661
151662
151663
151664
151665
151666
151667
151668
151669
151670
151671
151672
151673
151674
151675
151676
151677
151678
151679
151680
151681
151682
151683
151684
151685
151686
151687
151688
151689
151690
151691
151692
151693
151694
151695
151696
151697
151698
151699
151700
151701
151702
151703
151704
151705
151706
151707
151708
151709
151710
151711
151712
151713
151714
151715
151716
151717
151718
151719
151771
151772
151773
151776
151777
151789
151790
151791
151792
151793
151794
151795
151796
151797
151798
151799
151800
151801
151802
151803
151804
151805
151806
151807
151808
151809
151810
151811
151812
151813
151814
151817
151818
151819
151820
151846
151847
151852
151853
151854
151855
151856
151857
151858
151859
151860
151861
151862
151863
151864
151865
151866
151867
151868
151869
151870
151871
151872
151873
151874
151875
151876
151877
151878
151879
151880
151881
151882
151883
151884
151885
151886
151887
151888
151889
151890
151891
151892
151893
151894
151895
151896
151897
151898
151899
151900
151901
151902
151903
151904
151905
151906
151907
151908
151909
151910
151911
151912
151913
151914
151915
151916
151917
151924
151925
151926
151927
151928
151929
151930
151931
151932
151933
151934
151935
151936
151937
151938
151939
151940
151941
151942
151943
151944
151945
151946
151947
151948
151949
151950
151951
151952
151953
151954
151955
151956
151957
151958
151959
151960
151961
151962
151963
151964
151965
151966
151967
151968
151969
151970
151971
151972
151973
151974
151975
151976
151977
151978
151979
151980
151981
151982
151983
151984
151985
151986
151987
151988
151989
151990
151991
151992
151993
151994
151995
151996
151997
151998
151999
152000
152001
152002
152003
152004
152005
152006
152007
152008
152009
152010
152011
152012
152013
152014
152015
152016
152017
152018
152019
152020
152021
152022
152023
152024
152025
152026
152027
152028
152029
152030
152031
152032
152033
152034
152035
152036
152037
152038
152039
152040
152041
152042
152043
152044
152045
152046
152047
152048
152049
152050
152051
152052
152053
152054
152055
152056
152057
152058
152059
152060
152061
152062
152063
152064
152065
152066
152067
152068
152069
152070
152071
152072
152073
152074
152075
152076
152077
152078
152079
152080
152081
152133
152134
152136
152137
152138
152139
152140
152142
152144
152266
152267
152269
152270
152271
152272
152291
152296
152297
152299
152301
152302
152306
152309
152310
152311
152312
152313
152314
152315
152316
152317
152318
152319
152320
152321
152322
152323
152326
152330
152331
152332
152333
152344
152345
152346
152347
152348
152349
152350
152351
152352
152353
152354
152355
152356
152357
152358
152359
152360
152361
152362
152363
152364
152365
152366
152367
152368
152369
152370
152371
152372
152373
152374
152375
152376
152377
152378
152379
152380
152381
152382
152383
152384
152385
152386
152387
152388
152391
152392
152394
152395
152396
152397
152398
152406
152407
152408
152412
152413
152415
152416
152417
152418
152419
152420
152421
152422
152423
152424
152462
152463
152464
152465
152466
152467
152468
152469
152470
152471
152472
152473
152508
152509
152510
152511
152512
152513
152514
152515
152516
152517
152518
152519
152520
152521
152522
152523
152524
152525
152526
152527
152528
152529
152530
152531
152532
152533
152534
152535
152536
152537
152538
152539
152540
152541
152542
152543
152544
152545
152546
152547
152548
152549
152550
152551
152552
152553
152554
152555
152556
152557
152558
152559
152560
152561
152562
152563
152564
152565
152566
152567
152568
152569
152570
152571
152572
152573
152574
152575
152576
152577
152578
152579
152580
152581
152582
152583
152584
152585
152586
152587
152588
152589
152590
152591
152592
152593
152594
152595
152596
152597
152598
152599
152600
152601
152602
152603
152604
152605
152606
152607
152608
152609
152610
152611
152612
152613
152614
152615
152616
152617
152618
152619
152620
152621
152627
152628
152629
152630
152631
152636
152637
152638
152639
152640
152641
152642
152643
152644
152645
152646
152647
152648
152649
152650
152652
152653
152658
152669
152670
152673
152674
152675
152676
152677
152678
152679
152680
152681
152682
152683
152684
152685
152686
152687
152688
152689
152690
152691
152692
152693
152694
152695
152696
152697
152698
152705
152706
152707
152708
152709
152710
152711
152712
152713
152714
152715
152716
152717
152718
152719
152720
152721
152722
152723
152724
152725
152726
152727
152728
152729
152730
152731
152732
152733
152734
152735
152736
152737
152738
152739
152740
152741
152742
152743
152744
152745
152746
152747
152748
152749
152750
152751
152752
152753
152754
152755
152756
152757
152758
152759
152760
152761
152762
152763
152764
152765
152766
152767
152768
152769
152770
152771
152772
152773
152774
152775
152776
152777
152778
152779
152780
152781
152782
152783
152784
152785
152786
152787
152788
152789
152861
152862
152863
152864
152865
152870
152871
152872
152873
152876
152877
152879
152880
152881
152910
152911
152919
152920
152930
152931
152932
152933
152934
152935
152936
152937
152938
152939
152940
152941
152942
152943
152950
152951
152952
152953
152954
152955
152956
152957
152958
152959
152960
152961
152962
152963
152964
152965
152966
152967
152968
152969
152970
152971
152972
152973
152974
152975
152976
152977
152978
152979
152980
152981
152982
152983
152984
152985
152986
152987
152988
152989
152990
152991
152992
152993
152994
152995
152996
152997
152998
152999
153000
153001
153002
153003
153004
153005
153006
153007
153008
153009
153010
153011
153012
153013
153014
153015
153016
153017
153018
153019
153020
153021
153022
153023
153024
153025
153026
153027
153028
153029
153030
153031
153032
153033
153034
153035
153036
153038
153040
153041
153042
153043
153044
153045
153046
153047
153048
153049
153050
153051
153052
153053
153054
153055
153056
153057
153058
153059
153060
153061
153062
153063
153065
153066
153067
153068
153069
153070
153071
153072
153073
153074
153075
153076
153077
153078
153079
153080
153081
153082
153083
153084
153085
153086
153087
153088
153089
153090
153091
153092
153093
153094
153095
153096
153097
153098
153099
153100
153101
153102
153103
153104
153105
153106
153107
153108
153109
153110
153111
153112
153113
153114
153115
153116
153117
153118
153119
153120
153121
153122
153123
153124
153125
153126
153127
153128
153129
153130
153131
153132
153133
153134
153135
153136
153137
153138
153139
153140
153141
153142
153143
153144
153145
153146
153147
153148
153149
153150
153152
153153
153154
153181
153182
153183
153187
153188
153189
153190
153191
153192
153193
153194
153195
153196
153197
153198
153199
153200
153201
153202
153203
153204
153205
153206
153209
153210
153211
153212
153213
153214
153215
153216
153217
153218
153219
153220
153221
153222
153223
153224
153225
153226
153227
153228
153229
153230
153231
153232
153233
153234
153235
153236
153237
153238
153239
153240
153241
153242
153243
153244
153245
153246
153247
153248
153249
153250
153251
153252
153253
153254
153255
153257
153258
153259
153260
153270
153271
153272
153273
153274
153275
153276
153277
153278
153279
153280
153281
153282
153283
153284
153285
153286
153287
153288
153289
153290
153291
153292
153293
153294
153295
153296
153297
153298
153299
153300
153301
153302
153303
153304
153305
153306
153307
153308
153309
153310
153311
153312
153313
153314
153315
153316
153317
153318
153319
153320
153321
153322
153323
153324
153325
153326
153327
153328
153329
153330
153331
153332
153333
153334
153335
153336
153337
153338
153339
153340
153341
153342
153343
153344
153345
153346
153347
153348
153349
153350
153351
153352
153353
153354
153355
153356
153357
153358
153359
153360
153361
153362
153363
153364
153365
153366
153367
153368
153369
153370
153371
153372
153373
153374
153375
153376
153377
153378
153379
153380
153381
153382
153383
153384
153385
153386
153387
153388
153389
153390
153391
153392
153393
153394
153395
153396
153397
153398
153399
153400
153401
153402
153403
153404
153405
153406
153407
153408
153409
153410
153411
153412
153413
153414
153415
153416
153417
153418
153419
153420
153421
153422
153423
153424
153425
153426
153427
153428
153429
153430
153431
153432
153433
153434
153435
153436
153437
153438
153439
153440
153441
153442
153443
153444
153445
153446
153447
153448
153449
153450
153451
153452
153453
153454
153455
153456
153457
153458
153459
153460
153461
153462
153463
153464
153465
153466
153467
153468
153469
153470
153471
153472
153473
153474
153475
153476
153477
153478
153479
153480
153481
153482
153483
153484
153485
153486
153487
153488
153489
153490
153491
153492
153493
153494
153496
153497
153498
153499
153500
153501
153541
153542
153543
153545
153686
153696
153697
153698
153699
153700
153701
153702
153703
153704
153729
153730
153731
153732
153733
153734
153735
153737
153738
153739
153741
153742
153744
153745
153748
153749
153750
153752
153753
153755
153756
153757
153758
153759
153760
153761
153762
153763
153764
153765
153766
153767
153768
153769
153771
153772
153773
153774
153775
153776
153778
153796
153797
153798
153805
153806
153807
153808
153809
153843
153844
153845
153846
153847
153848
153849
153850
153851
153852
153853
153854
153855
153856
153857
153858
153861
153863
153864
153865
153866
153867
153868
153869
153873
153874
153875
153884
153885
153886
153887
153888
153889
153890
153891
153893
153894
153895
153897
153898
153900
153901
153902
153903
153904
153906
153907
153908
153909
153910
153911
153912
153913
153914
153915
153916
153917
153918
153919
153920
153921
153922
153923
153924
153925
153926
153927
153928
153929
153930
153931
153932
153933
153934
153935
153936
153937
153938
153939
153940
153941
153942
153943
153944
153945
153946
153947
153948
153949
153950
153951
153952
153953
153954
153955
153956
153957
153958
153959
153960
153961
153962
153963
153964
153965
153966
153967
153968
153969
153970
153971
153972
153973
153974
153975
153976
153977
153978
153979
153980
153981
153982
153983
153984
153985
153986
153987
153988
153989
153990
153991
153992
153993
153994
153995
153996
153997
153998
153999
154000
154001
154002
154003
154004
154005
154006
154007
154008
154009
154010
154011
154012
154013
154014
154015
154016
154017
154018
154019
154020
154025
154026
154028
154030
154031
154033
154066
154067
154070
154071
154072
154074
154076
154077
154078
154079
154080
154083
154084
154085
154086
154087
154088
154089
154090
154098
154099
154100
154101
154102
154103
154104
154105
154106
154107
154108
154109
154110
154111
154112
154113
154114
154115
154116
154117
154118
154119
154120
154121
154122
154123
154124
154125
154126
154127
154128
154130
154132
154133
154134
154135
154136
154137
154138
154139
154140
154141
154142
154143
154144
154145
154146
154147
154148
154149
154150
154151
154152
154153
154154
154155
154156
154157
154158
154159
154160
154161
154162
154163
154164
154165
154166
154167
154168
154169
154170
154171
154172
154173
154174
154175
154176
154177
154178
154179
154180
154181
154182
154183
154184
154185
154186
154187
154188
154189
154204
154205
154206
154207
154208
154209
154210
154211
154214
154215
154216
154217
154218
154219
154221
154222
154227
154228
154229
154230
154231
154232
154233
154238
154239
154241
154242
154243
154254
154255
154256
154257
154258
154259
154260
154261
154262
154263
154264
154265
154266
154267
154268
154274
154275
154276
154277
154278
154281
154282
154283
154284
154285
154286
154287
154306
154307
154309
154310
154312
154313
154320
154323
154324
154325
154331
154332
154333
154334
154335
154337
154339
154340
154348
154349
154350
154352
154354
154355
154356
154358
154359
154360
154361
154362
154363
154364
154365
154366
154367
154368
154369
154370
154371
154372
154373
154374
154375
154376
154377
154378
154381
154382
154383
154384
154385
154386
154387
154388
154389
154390
154391
154392
154393
154394
154395
154396
154397
154398
154399
154400
154402
154405
154406
154408
154409
154410
154411
154412
154413
154415
154417
154418
154420
154421
154422
154423
154424
154426
154427
154428
154429
154435
154436
154438
154439
154440
154441
154442
154443
154444
154445
154446
154447
154448
154449
154452
154453
154455
154456
154460
154461
154462
154463
154464
154465
154466
154467
154468
154469
154470
154471
154472
154473
154474
154476
154477
154478
154479
154480
154481
154482
154484
154485
154486
154487
154488
154489
154490
154491
154492
154493
154494
154495
154496
154497
154498
154499
154500
154501
154502
154503
154504
154505
154506
154507
154508
154509
154510
154511
154512
154513
154514
154515
154516
154517
154518
154519
154520
154521
154522
154523
154524
154525
154526
154527
154528
154529
154530
154531
154532
154533
154534
154535
154536
154537
154538
154539
154540
154541
154542
154543
154544
154545
154546
154547
154548
154549
154550
154551
154552
154556
154557
154558
154559
154560
154561
154562
154563
154564
154567
154568
154569
154570
154571
154572
154573
154574
154575
154576
154577
154578
154579
154580
154581
154582
154583
154584
154585
154586
154587
154588
154589
154590
154591
154592
154593
154594
154595
154596
154597
154598
154599
154600
154601
154602
154603
154604
154605
154606
154607
154608
154609
154610
154611
154612
154613
154614
154615
154616
154617
154618
154619
154620
154621
154622
154623
154624
154625
154626
154627
154628
154629
154630
154631
154632
154633
154634
154635
154636
154637
154638
154639
154640
154641
154642
154643
154644
154645
154646
154647
154648
154649
154650
154651
154652
154653
154654
154655
154656
154657
154658
154659
154660
154661
154662
154663
154664
154665
154666
154667
154668
154670
154671
154672
154673
154674
154675
154676
154677
154678
154679
154680
154681
154682
154683
154684
154685
154686
154687
154688
154689
154690
154691
154692
154693
154694
154695
154696
154697
154698
154699
154700
154701
154702
154703
154704
154705
154706
154707
154708
154709
154710
154711
154712
154713
154714
154715
154716
154717
154718
154719
154720
154721
154722
154723
154724
154725
154726
154727
154728
154729
154730
154731
154732
154733
154734
154735
154736
154737
154738
154739
154740
154741
154742
154743
154744
154745
154746
154747
154748
154749
154750
154751
154752
154753
154754
154755
154756
154757
154758
154759
154760
154761
154762
154763
154764
154765
154766
154767
154768
154769
154770
154771
154772
154773
154774
154775
154776
154777
154778
154779
154780
154781
154782
154783
154784
154785
154786
154787
154788
154789
154790
154791
154792
154793
154794
154795
154796
154797
154798
154799
154800
154801
154802
154803
154804
154805
154806
154807
154808
154809
154810
154811
154812
154813
154814
154815
154816
154817
154818
154819
154820
154821
154822
154823
154824
154825
154826
154827
154828
154829
154830
154831
154832
154833
154834
154835
154836
154837
154838
154839
154840
154841
154842
154843
154844
154845
154846
154847
154848
154849
154850
154851
154852
154853
154854
154855
154856
154857
154858
154859
154860
154861
154862
154863
154864
154865
154866
154867
154868
154869
154870
154871
154872
154873
154874
154875
154876
154877
154878
154879
154880
154881
154882
154883
154884
154885
154886
154887
154888
154889
154890
154891
154892
154893
154894
154895
154896
154897
154898
154899
154900
154901
154902
154903
154904
154905
154906
154907
154908
154909
154910
154911
154912
154913
154914
154915
154916
154917
154918
154919
154920
154921
154922
154923
154924
154925
154926
154927
154928
154929
154930
154931
154932
154933
154934
154935
154936
154937
154964
155159
155160
155164
155165
155185
155187
155189
155190
155191
155193
155199
155200
155268
155269
155270
155271
155272
155273
155274
155275
155276
155277
155278
155279
155280
155281
155282
155283
155284
155285
155286
155287
155288
155289
155290
155291
155292
155293
155294
155295
155296
155297
155298
155299
155300
155301
155302
155303
155304
155305
155306
155307
155308
155309
155310
155311
155313
155314
155315
155316
155317
155318
155319
155320
155322
155323
155324
155325
155326
155331
155333
155336
155337
155338
155339
155340
155341
155342
155343
155344
155345
155346
155347
155348
155349
155350
155351
155352
155353
155354
155355
155356
155357
155358
155359
155360
155361
155362
155363
155364
155365
155366
155367
155368
155369
155370
155371
155372
155373
155374
155375
155376
155377
155378
155379
155380
155381
155382
155383
155384
155385
155386
155387
155388
155392
155394
155395
155396
155397
155398
155399
155400
155401
155403
155405
155406
155407
155408
155409
155410
155412
155414
155415
155416
155417
155418
155419
155420
155421
155422
155424
155426
155427
155428
155429
155430
155431
155432
155433
155434
155435
155436
155437
155438
155439
155440
155441
155442
155443
155444
155445
155446
155447
155512
155528
155529
155530
155531
155532
155537
155539
155542
155546
155553
155554
155555
155556
155557
155558
155559
155560
155562
155566
155568
155569
155570
155571
155572
155573
155574
155575
155576
155577
155578
155579
155580
155581
155582
155583
155584
155585
155586
155587
155588
155589
155590
155591
155593
155594
155595
155596
155597
155601
155602
155603
155604
155605
155606
155607
155608
155609
155610
155611
155612
155613
155614
155615
155616
155617
155618
155619
155620
155621
155622
155623
155624
155625
155626
155627
155628
155629
155630
155631
155632
155633
155634
155635
155637
155638
155639
155640
155641
155642
155643
155644
155645
155646
155647
155648
155649
155650
155651
155652
155653
155654
155655
155656
155657
155658
155659
155660
155661
155662
155663
155664
155665
155666
155667
155668
155669
155670
155671
155672
155673
155674
155681
155682
155683
155686
155688
155689
155705
155706
155708
155709
155710
155711
155712
155713
155714
155715
155716
155717
155727
155761
155763
155765
155767
155768
155769
155770
155771
155773
155780
155781
155782
155785
155786
155788
155789
155790
155791
155799
155815
155819
155820
155829
155831
155832
155833
155834
155840
155841
155847
155848
155850
155852
155853
155854
155855
155856
155862
155868
155869
155870
155871
155872
155873
155874
155875
155876
155877
155878
155879
155880
155881
155882
155883
155884
155885
155886
155887
155888
155889
155890
155891
155892
155893
155894
155895
155896
155897
155898
155899
155900
155901
155902
155903
155904
155905
155906
155907
155908
155909
155910
155911
155912
155913
155914
155915
155916
155917
155918
155919
155920
155921
155922
155923
155924
155925
155926
155927
155928
155929
155930
155931
155932
155933
155934
155935
155936
155937
155938
155939
155940
155941
155942
155943
155944
155945
155946
155947
155948
155949
155950
155951
155952
155953
155954
155955
155956
155957
155958
155959
155960
155961
155962
155963
155964
155965
155966
155967
155968
155969
155970
155971
155972
155973
155974
155975
155976
155977
155978
155979
155980
155981
155982
155983
155984
155985
155986
155987
155988
155989
155990
155991
155992
155993
155994
155995
155996
155997
155998
155999
156000
156001
156002
156003
156004
156005
156006
156007
156008
156009
156010
156011
156012
156013
156014
156015
156016
156017
156018
156019
156020
156021
156022
156023
156024
156025
156026
156027
156028
156029
156030
156031
156032
156033
156034
156035
156036
156037
156038
156039
156040
156041
156042
156043
156044
156045
156046
156047
156048
156049
156050
156051
156052
156053
156054
156055
156056
156057
156058
156059
156060
156061
156062
156063
156064
156065
156066
156067
156068
156069
156070
156071
156072
156073
156074
156075
156076
156077
156078
156079
156080
156081
156082
156083
156084
156085
156086
156087
156088
156089
156090
156091
156092
156093
156094
156095
156096
156097
156098
156099
156100
156101
156102
156103
156104
156105
156106
156107
156108
156109
156110
156111
156112
156113
156114
156115
156116
156117
156118
156119
156120
156121
156122
156123
156124
156125
156126
156127
156128
156129
156130
156131
156132
156133
156134
156135
156136
156137
156138
156139
156140
156141
156142
156143
156144
156145
156146
156147
156148
156149
156150
156151
156152
156153
156154
156155
156156
156157
156159
156160
156161
156163
156164
156165
156166
156167
156168
156171
156172
156173
156174
156175
156176
156177
156178
156179
156180
156181
156182
156183
156184
156185
156186
156187
156188
156189
156190
156191
156192
156193
156194
156195
156196
156197
156198
156199
156200
156201
156202
156203
156204
156205
156206
156207
156208
156209
156210
156211
156212
156213
156214
156215
156216
156217
156218
156219
156220
156221
156223
156225
156227
156229
156230
156232
156236
156238
156239
156241
156242
156243
156245
156246
156247
156248
156249
156250
156251
156252
156253
156254
156255
156256
156257
156258
156259
156260
156261
156262
156263
156264
156265
156266
156267
156268
156269
156270
156271
156272
156273
156274
156275
156276
156277
156278
156279
156280
156281
156282
156283
156284
156285
156286
156287
156288
156289
156290
156291
156292
156293
156294
156295
156296
156551
156629
156630
156631
156632
156633
156634
156635
156636
156637
156638
156639
156640
156641
156642
156643
156644
156645
156648
156649
156650
156651
156652
156653
156654
156655
156656
156657
156658
156659
156660
156661
156662
156663
156664
156665
156666
156667
156668
156669
156670
156671
156672
156673
156674
156676
156677
156678
156679
156696
156697
156698
156699
156700
156701
156702
156703
156705
156706
156707
156708
156709
156710
156711
156712
156713
156714
156715
156716
156717
156718
156719
156720
156721
156722
156723
156724
156725
156726
156727
156728
156729
156730
156731
156732
156733
156734
156735
156736
156747
156749
156758
156760
156768
156778
156780
156781
156782
156783
156784
156785
156786
156787
156788
156789
156790
156903
156905
156920
156927
156929
156930
156931
156932
156933
156934
156935
156936
156937
156938
156939
156940
156941
156942
156943
156944
156945
156946
156947
156948
156949
156950
156951
156952
156953
156954
156955
156956
156957
156958
156959
156960
156961
156962
156963
156964
156965
156966
156967
156968
156969
156970
156971
156972
156973
156974
156975
156976
156977
156978
156979
156980
156981
156982
156983
156984
156985
156986
156987
156988
156989
156990
156991
156992
156993
156994
156995
156996
156997
156998
156999
157000
157001
157002
157003
157004
157005
157006
157007
157008
157009
157010
157011
157018
157019
157020
157021
157024
157025
157026
157027
157040
157041
157042
157046
157047
157048
157049
157050
157051
157052
157053
157054
157055
157181
157193
157195
157196
157197
157218
157219
157220
157221
157222
157223
157224
157225
157226
157227
157228
157229
157230
157231
157232
157233
157234
157235
157236
157237
157238
157239
157240
157241
157242
157243
157244
157245
157246
157247
157248
157249
157250
157251
157252
157253
157254
157255
157256
157257
157258
157259
157260
157261
157262
157263
157264
157265
157266
157267
157268
157269
157270
157271
157272
157273
157274
157275
157276
157277
157278
157279
157280
157281
157282
157283
157284
157285
157286
157287
157288
157289
157290
157291
157292
157293
157294
157295
157296
157297
157298
157299
157300
157301
157302
157303
157304
157305
157306
157307
157308
157309
157310
157311
157312
157313
157314
157315
157316
157317
157318
157319
157320
157321
157322
157323
157324
157325
157326
157327
157328
157329
157330
157331
157332
157333
157334
157335
157336
157337
157338
157339
157340
157341
157342
157343
157344
157345
157346
157347
157348
157349
157350
157351
157352
157353
157354
157355
157356
157357
157358
157359
157360
157361
157362
157363
157364
157365
157366
157367
157368
157369
157370
157371
157372
157373
157374
157375
157376
157377
157378
157379
157380
157381
157382
157383
157384
157385
157386
157387
157388
157389
157390
157391
157392
157393
157394
157395
157396
157397
157398
157399
157400
157401
157402
157403
157404
157405
157406
157407
157408
157409
157410
157411
157412
157413
157414
157415
157416
157417
157418
157419
157420
157421
157422
157423
157424
157425
157426
157427
157428
157429
157430
157431
157432
157433
157434
157435
157436
157437
157438
157439
157440
157441
157442
157443
157444
157445
157446
157447
157448
157449
157450
157451
157452
157453
157454
157455
157456
157457
157458
157459
157460
157461
157462
157463
157464
157465
157466
157467
157468
157469
157470
157471
157472
157473
157474
157475
157476
157477
157478
157479
157480
157481
157482
157483
157484
157485
157486
157487
157488
157489
157490
157491
157492
157493
157494
157495
157496
157497
157498
157499
157500
157501
157502
157503
157504
157505
157506
157507
157508
157509
157510
157511
157512
157513
157514
157515
157516
157517
157518
157525
157526
157532
157533
157535
157536
157537
157538
157539
157540
157541
157542
157543
157544
157545
157546
157549
157550
157551
157552
157553
157554
157555
157556
157557
157558
157560
157561
157562
157563
157564
157565
157566
157567
157568
157569
157570
157571
157572
157573
157574
157575
157576
157577
157578
157579
157580
157581
157582
157583
157584
157585
157586
157587
157617
157622
157623
157624
157625
157626
157627
157628
157629
157630
157631
157632
157633
157634
157635
157636
157637
157638
157639
157640
157641
157642
157643
157644
157645
157646
157647
157648
157649
157650
157651
157652
157653
157654
157655
157656
157657
157658
157659
157660
157661
157662
157663
157989
157990
157991
157992
157993
157994
157995
157996
157997
157998
157999
158000
158006
158007
158008
158009
158010
158011
158012
158013
158014
158015
158016
158017
158018
158019
158020
158021
158022
158023
158024
158025
158026
158027
158028
158029
158030
158031
158033
158034
158035
158036
158037
158038
158039
158052
158054
158055
158056
158058
158059
158060
158061
158064
158065
158066
158067
158068
158069
158070
158071
158072
158073
158074
158075
158076
158077
158078
158079
158080
158081
158082
158083
158084
158085
158086
158087
158088
158089
158090
158091
158092
158093
158094
158095
158096
158097
158098
158100
158154
158155
158156
158157
158158
158159
158160
158161
158162
158163
158164
158165
158166
158311
158312
158313
158314
158315
158316
158317
158318
158319
158320
158321
158322
158323
158324
158325
158326
158327
158328
158329
158330
158331
158332
158333
158334
158335
158336
158337
158338
158339
158340
158341
158342
158343
158344
158345
158346
158347
158348
158349
158350
158351
158352
158353
158354
158355
158356
158357
158358
158359
158360
158361
158362
158363
158364
158365
158366
158367
158368
158369
158370
158371
158372
158373
158374
158375
158376
158377
158378
158379
158380
158381
158382
158383
158384
158385
158386
158387
158388
158389
158390
158391
158392
158393
158394
158395
158396
158397
158398
158399
158400
158409
158410
158411
158414
158415
158417
158418
158419
158420
158434
158435
158438
158439
158440
158441
158444
158445
158446
158447
158448
158449
158450
158594
158595
158613
158614
158615
158616
158617
158618
158619
158620
158621
158622
158623
158624
158625
158626
158627
158628
158629
158630
158631
158632
158633
158634
158635
158636
158637
158638
158639
158640
158641
158642
158643
158644
158645
158646
158647
158648
158649
158650
158651
158652
158653
158654
158655
158656
158657
158658
158659
158660
158661
158662
158663
158664
158665
158666
158667
158668
158669
158670
158671
158672
158673
158674
158675
158676
158677
158678
158679
158680
158681
158682
158683
158684
158685
158686
158687
158688
158689
158690
158691
158692
158693
158694
158695
158696
158697
158698
158699
158700
158701
158702
158703
158704
158705
158706
158707
158708
158709
158710
158711
158712
158713
158714
158715
158716
158717
158718
158719
158720
158721
158722
158723
158724
158725
158726
158727
158728
158729
158730
158731
158732
158733
158734
158735
158736
158737
158738
158739
158740
158741
158742
158743
158744
158745
158746
158747
158748
158749
158750
158751
158752
158753
158754
158755
158756
158757
158758
158759
158760
158761
158762
158763
158764
158765
158766
158767
158768
158769
158770
158771
158772
158773
158774
158775
158776
158777
158778
158779
158780
158781
158782
158783
158785
158786
158787
158788
158789
158790
158791
158792
158793
158794
158795
158796
158797
158798
158799
158800
158801
158802
158803
158804
158805
158806
158807
158808
158810
158811
158812
158814
158815
158816
158817
158818
158819
158820
158821
158822
158823
158824
158825
158826
158827
158828
158829
158830
158831
158832
158833
158834
158835
158836
158837
158838
158839
158840
158841
158842
158843
158844
158845
158846
158847
158848
158849
158850
158851
158852
158853
158854
158855
158856
158857
158858
158859
158860
158861
158862
158863
158864
158865
158866
158867
158868
158869
158870
158871
158872
158873
158874
158875
158876
158877
158878
158879
158880
158881
158882
158883
158884
158885
158886
158887
158888
158889
158890
158891
158892
158904
158905
158906
158916
158917
158918
158919
158920
158921
158922
158927
158928
158929
158930
158935
158937
158942
158945
158948
158949
158951
158952
158954
158955
158956
158993
158994
158995
158996
158997
158998
158999
159000
159001
159002
159003
159004
159005
159006
159007
159008
159009
159010
159011
159012
159013
159014
159015
159016
159017
159018
159019
159020
159021
159022
159023
159024
159025
159026
159027
159028
159029
159030
159031
159032
159033
159034
159035
159036
159037
159038
159039
159370
159371
159372
159373
159374
159375
159376
159377
159378
159379
159380
159381
159382
159385
159386
159387
159388
159389
159390
159391
159392
159393
159394
159395
159396
159397
159398
159399
159400
159401
159402
159403
159404
159405
159406
159407
159408
159410
159411
159412
159413
159434
159436
159442
159443
159444
159445
159446
159447
159448
159449
159450
159451
159452
159453
159454
159455
159456
159457
159458
159499
159500
159501
159502
159503
159504
159505
159506
159507
159508
159509
159510
159645
159646
159647
159648
159649
159650
159651
159652
159653
159654
159655
159656
159657
159658
159659
159660
159661
159662
159663
159664
159665
159666
159667
159668
159669
159670
159671
159672
159673
159674
159675
159676
159677
159678
159679
159680
159681
159682
159683
159684
159685
159686
159687
159688
159689
159690
159691
159692
159693
159694
159695
159696
159697
159698
159699
159700
159701
159702
159703
159704
159705
159706
159707
159708
159709
159710
159711
159712
159713
159714
159715
159716
159717
159718
159719
159720
159721
159722
159723
159724
159725
159726
159727
159728
159729
159730
159731
159732
159733
159734
159735
159736
159737
159750
159751
159753
159754
159755
159769
159770
159771
159772
159773
159776
159777
159778
159779
159947
159948
159949
159951
159953
159955
159957
159960
159963
159964
159965
159966
159967
159968
159969
159970
159971
159972
159973
159974
159975
159976
159977
159978
159979
159980
159981
159982
159983
159984
159985
159986
159987
159988
159989
159990
159991
159992
159993
159994
159995
159996
159997
159998
159999
160000
160001
160002
160003
160004
160005
160006
160007
160008
160009
160010
160011
160012
160013
160014
160015
160016
160017
160018
160019
160020
160021
160022
160023
160024
160025
160026
160027
160028
160029
160030
160031
160032
160033
160034
160035
160036
160037
160038
160039
160040
160041
160042
160043
160044
160045
160046
160047
160048
160049
160050
160051
160052
160053
160054
160055
160056
160057
160058
160059
160060
160061
160062
160063
160064
160065
160066
160067
160068
160069
160070
160071
160072
160073
160074
160075
160076
160077
160078
160079
160080
160081
160082
160083
160084
160085
160086
160087
160088
160089
160090
160091
160092
160093
160094
160095
160096
160097
160098
160099
160100
160101
160102
160103
160104
160105
160106
160107
160108
160109
160113
160115
160116
160117
160118
160119
160120
160121
160122
160123
160124
160125
160126
160127
160128
160129
160130
160131
160132
160133
160134
160137
160141
160143
160145
160146
160148
160151
160154
160157
160158
160159
160160
160162
160164
160165
160166
160167
160168
160169
160170
160171
160172
160173
160174
160175
160176
160177
160178
160179
160180
160181
160182
160183
160184
160185
160186
160187
160188
160189
160190
160191
160192
160193
160194
160195
160196
160197
160198
160199
160200
160201
160202
160203
160204
160205
160206
160207
160208
160209
160210
160211
160212
160213
160214
160215
160216
160217
160218
160219
160220
160221
160222
160248
160293
160333
160334
160335
160336
160337
160338
160339
160340
160341
160342
160343
160344
160345
160346
160347
160348
160349
160350
160351
160352
160353
160354
160355
160356
160357
160358
160359
160360
160361
160362
160363
160364
160365
160366
160367
160368
160369
160370
160371
160724
160725
160726
160727
160728
160729
160730
160731
160732
160733
160734
160735
160736
160737
160738
160739
160740
160741
160742
160743
160744
160745
160746
160747
160748
160749
160750
160751
160752
160753
160754
160756
160757
160758
160759
160760
160761
160762
160763
160764
160765
160766
160799
160803
160804
160807
160809
160810
160856
160857
160858
160859
160861
160862
161010
161011
161012
161013
161014
161015
161016
161017
161018
161019
161020
161021
161022
161023
161024
161025
161026
161027
161028
161029
161030
161031
161032
161033
161034
161035
161036
161037
161038
161039
161040
161041
161042
161043
161044
161045
161046
161047
161048
161049
161050
161051
161052
161053
161054
161055
161056
161057
161058
161059
161060
161061
161062
161063
161064
161065
161066
161067
161068
161069
161070
161071
161072
161073
161074
161075
161076
161077
161078
161079
161080
161081
161082
161083
161084
161085
161086
161087
161088
161089
161090
161091
161092
161093
161094
161095
161096
161097
161098
161099
161100
161112
161113
161114
161115
161116
161132
161133
161134
161135
161136
161137
161138
161139
161140
161141
161145
161146
161147
161340
161342
161344
161346
161348
161349
161350
161353
161354
161355
161356
161357
161358
161359
161360
161361
161362
161363
161364
161365
161366
161367
161368
161369
161370
161371
161372
161373
161374
161375
161376
161377
161378
161379
161380
161381
161382
161383
161384
161385
161386
161387
161388
161389
161390
161391
161392
161393
161394
161395
161396
161397
161398
161399
161400
161401
161402
161403
161404
161405
161406
161407
161408
161409
161410
161411
161412
161413
161414
161415
161416
161417
161418
161419
161420
161421
161422
161423
161424
161425
161426
161427
161428
161429
161430
161431
161433
161434
161435
161436
161439
161440
161441
161442
161445
161447
161448
161449
161450
161451
161452
161453
161454
161455
161456
161457
161458
161459
161460
161461
161462
161463
161464
161465
161466
161467
161468
161469
161470
161471
161472
161473
161474
161475
161476
161477
161478
161479
161488
161490
161494
161496
161497
161498
161499
161500
161503
161541
161543
161544
161545
161546
161548
161549
161550
161551
161552
161553
161554
161555
161556
161557
161558
161559
161560
161561
161564
161565
161566
161567
161571
161572
161573
161574
161575
161576
161577
161578
161579
161580
161581
161582
161704
161705
161706
161707
161708
161709
161710
161711
161712
161713
161715
161716
161717
161718
161719
161720
161721
161722
161723
161724
161725
161726
161727
161728
161729
161730
161731
161732
161733
161734
161735
161736
162084
162085
162086
162087
162088
162089
162090
162091
162092
162093
162094
162095
162096
162097
162098
162099
162100
162101
162102
162103
162104
162105
162106
162107
162108
162109
162110
162111
162112
162113
162114
162115
162116
162117
162118
162119
162120
162121
162122
162124
162125
162126
162177
162219
162220
162224
162383
162384
162385
162386
162387
162388
162389
162390
162391
162392
162393
162394
162395
162396
162397
162398
162399
162400
162401
162402
162403
162404
162405
162406
162407
162408
162409
162410
162411
162412
162413
162414
162415
162416
162417
162418
162419
162420
162421
162422
162423
162424
162425
162426
162427
162428
162429
162430
162431
162432
162433
162434
162435
162436
162437
162438
162439
162440
162441
162442
162443
162444
162445
162446
162447
162448
162449
162450
162451
162452
162453
162454
162455
162456
162457
162458
162459
162460
162461
162462
162463
162464
162465
162466
162467
162468
162469
162470
162471
162472
162486
162488
162503
162504
162506
162507
162508
162509
162510
162511
162514
162515
162516
162517
162518
162519
162520
162708
162709
162710
162711
162712
162713
162714
162715
162716
162717
162718
162719
162720
162721
162722
162723
162724
162725
162726
162727
162728
162729
162730
162731
162732
162733
162734
162735
162736
162737
162738
162739
162740
162741
162742
162743
162744
162745
162746
162747
162748
162749
162750
162751
162752
162753
162755
162758
162759
162763
162764
162765
162766
162767
162768
162769
162771
162773
162774
162793
162795
162796
162797
162798
162799
162801
162804
162805
162806
162808
162809
162810
162811
162812
162813
162814
162815
162816
162817
162818
162846
162847
162882
162887
162888
162889
162890
162891
162892
162893
162894
162895
162900
162902
162911
162914
162915
162916
163034
163035
163036
163037
163038
163043
163046
163049
163050
163052
163053
163054
163055
163056
163057
163058
163059
163060
163061
163062
163063
163064
163066
163067
163449
163450
163451
163452
163453
163454
163455
163456
163457
163458
163459
163460
163461
163462
163463
163464
163465
163466
163467
163468
163469
163470
163471
163472
163473
163474
163475
163476
163477
163478
163480
163484
163581
163582
163583
163718
163719
163720
163721
163722
163723
163724
163725
163726
163727
163728
163729
163730
163731
163732
163733
163734
163735
163736
163737
163738
163739
163740
163741
163742
163743
163744
163745
163746
163747
163748
163749
163750
163751
163752
163753
163754
163755
163756
163757
163758
163759
163760
163761
163762
163763
163764
163765
163766
163767
163768
163769
163770
163771
163772
163773
163774
163775
163776
163777
163778
163779
163780
163781
163782
163783
163784
163785
163786
163787
163788
163789
163790
163791
163792
163793
163795
163796
163797
163798
163799
163801
163835
163836
163837
163839
163840
163843
163847
163848
163850
163851
163852
164045
164046
164047
164049
164051
164052
164053
164054
164056
164057
164058
164059
164060
164061
164062
164063
164064
164065
164066
164068
164069
164070
164071
164072
164073
164074
164075
164076
164077
164078
164079
164080
164081
164082
164083
164084
164100
164102
164109
164111
164138
164142
164155
164156
164157
164217
164218
164219
164220
164222
164226
164391
164392
164394
164395
164397
164398
164767
164768
164769
164770
164771
164772
164773
164774
164776
164777
164778
164779
164780
164783
164784
164787
164788
164790
165041
165042
165043
165044
165045
165046
165047
165049
165050
165053
165054
165055
165056
165057
165058
165059
165060
165061
165062
165063
165064
165065
165066
165067
165068
165069
165070
165071
165072
165073
165074
165075
165076
165077
165078
165079
165080
165082
165084
165085
165087
165091
165093
165097
165100
165105
165140
165154
165366
165373
165379
165380
165381
165383
165384
165385
165386
165392
166316
166325
166328
166330
166331
166333
166334
166335
166340
185539
185540
185541
185542
185543
185544
185545
185546
185547
185548
185549
185550
185551
185552
185553
185554
185555
185556
185557
185558
185559
185560
185561
185562
185563
185564
185565
185566
185567
185568
185569
185570
185571
185572
185573
185574
185575
185576
185577
185578
185579
185580
185581
185582
185583
185584
185585
185586
185587
185588
185589
185590
185591
185592
185593
185594
185595
185596
185597
185598
185599
185600
185601
185602
185603
185604
185605
185606
185607
185608
185609
185610
185611
185612
185613
185614
185615
185616
185617
185618
185619
185620
185621
185622
185623
185624
185625
185626
185627
185628
185629
185630
185631
185632
185633
185634
185635
185636
185637
185638
185639
185640
185641
185642
185643
185644
185645
185646
185647
185648
185649
185650
185651
185652
185653
185654
185655
185656
185657
185658
185659
185660
185661
185662
185663
185664
185665
185666
185667
185668
185669
185670
185671
185672
185673
185674
185675
185676
185677
185678
189159
189160
189161
189162
189163
189164
189165
189166
189167
189168
189169
189170
189171
189172
189173
189174
189175
189176
189177
189178
189179
189180
189181
189182
189183
189184
189185
189186
189187
189188
189189
189190
189191
189192
189193
189194
189195
189196
189197
189198
189199
189200
189201
189202
189203
189204
189205
189206
189207
189208
189209
189210
189211
189212
189213
189214
189215
189216
189217
189218
189219
189220
189221
189222
189223
189224
189225
189226
189227
189228
189229
189230
189231
189232
189233
189234
189235
189236
189237
189238
189239
189240
189241
189242
189243
189244
189245
189246
189247
189248
189249
189250
189251
189252
189253
189254
189255
189256
189257
189258
189259
189260
189261
189262
189263
189264
189265
189266
190322
190323
190324
190325
190326
190327
190328
190329
190330
190331
190332
190333
190334
190335
190336
190337
190338
190339
190340
190341
190342
190343
190344
190345
190346
190347
190348
190349
190350
190351
190352
190353
190354
190355
190356
190357
190358
190359
191395
191396
191397
191398
191399
191400
191401
191402
191403
191404
191405
191406
191407
191408
191409
191410
191411
191412
191413
191414
191415
191416
191417
191418
191419
191420
191421
191422
191423
191424
191425
191426
191427
191428
191429
191430
191431
191432
191433
191434
191435
191436
191437
191438
191439
191440
-134534
-134536
-134537
-134634
-134636
-134649
-134650
-134651
-134653
-134655
-134657
-135802
-135819
-135824
-135825
-135832
-135834
-135878
-135882
-135884
-135907
-135909
-135912
-135914
-136011
-136013
-136014
-136016
-136017
-136018
-137112
-137123
-137128
-137132
-137159
-137164
-137188
-137218
-137240
-137241
-137243
-137246
-137248
-137250
-137252
-137254
-137390
-137391
-138422
-138423
-138434
-138442
-138446
-138450
-138452
-138453
-138454
-138461
-138463
-138465
-138471
-138475
-138479
-138484
138544
-138582
-138583
-138585
-138590
-138591
-138592
-138614
-138622
-138623
-138672
-138673
-138675
-138681
-138686
-138687
-138689
-138696
-138698
-138699
-138700
-139787
-139800
-139801
-139815
-139837
-139838
-139839
-139840
139888
-139923
-139925
-139941
-139946
-139948
-139950
-139954
-139955
-139960
-139965
-139966
-140018
-140020
-140022
-140024
-140034
-140037
-140048
-140053
-140317
-140319
-140330
-141253
-141292
-141299
-141328
-141329
-141332
-141337
-141338
-141343
-141345
-141351
-141353
-141632
-141642
-141643
-141650
-141651
-141653
-141676
-141677
-141678
-141680
-141681
-141682
-141683
-141824
-141827
-141841
-141843
-141845
-141849
-141853
-141855
-141857
-141859
-141860
-141861
-141865
-141868
-141898
-141960
-141962
-141963
-141964
-141966
-141967
-141969
-142627
-142648
-142669
-142692
-142702
-142710
-142717
-142725
-143010
-143014
-143015
-143044
-143046
-143048
-143049
-143051
-143052
-143053
-143054
143058
-143084
-143085
-143213
-143233
143241
-143253
-143266
-143292
-143296
-143298
-143299
-143305
-143307
-143328
-143331
-143333
-143339
-143340
-143345
-143347
-143350
-143725
-143727
143932
143942
143945
144065
-144109
-144110
-144198
-144200
-144205
-144206
-144207
-144208
-144209
-144262
-144264
-144265
-144284
-144315
-144316
-144317
-144320
-144322
-144324
-144325
-144327
-144328
-144329
-144330
-144332
-144334
-144364
-144365
-144366
-144381
-144407
-144451
-144453
-144454
-144456
-144457
-144463
-144466
-144467
-144469
-144471
-144472
-144473
-144480
-144481
-144483
-144485
-144487
-144488
-144490
-144492
-144597
-144607
-144609
-144622
-144666
-144669
-144670
-144672
-144673
-144684
-144693
-144696
-144704
-144706
-144708
-144717
-144724
-144728
-144735
-144737
-144999
-145004
-145021
-145023
-145024
-145026
-145028
-145029
-145033
-145034
-145035
-145036
-145039
-145040
-145060
-145067
-145068
-145072
145143
145162
145270
145271
145285
145290
145300
145386
-145550
-145556
-145570
-145572
-145629
-145637
-145669
-145670
-145699
145776
-145870
-145873
-145975
145981
-146013
-146018
-146024
-146051
-146063
-146071
-146087
-146090
-146386
-146401
-146412
-146448
-146450
-146451
-146452
-146454
-146456
-146459
146543
146544
146558
146559
146560
146614
146616
146618
146635
146636
146638
146639
146641
146643
146675
146680
146694
146700
146785
-146997
-147007
-147037
147180
147340
-147355
-147373
-147528
-147530
-147532
-147533
-147684
-147747
-147749
-147750
-147751
-147760
-147761
-147764
-147769
-147771
-147773
-147774
-147800
-147823
147896
147898
147908
147912
147914
147916
147961
147968
147978
147979
147982
147983
148016
148017
148063
148064
148150
148154
148168
148170
148171
148274
148276
148278
-148349
-148357
-148366
-148368
-148371
-148373
-148374
-148376
-148377
-148381
-148384
-148385
-148431
-148434
-148451
-148453
148509
-148668
-148671
-148716
-148717
-148723
-148885
-148887
-148889
-148890
-148891
-148892
-148893
-148905
-148907
-148908
-148910
-148912
-148913
-148914
-148917
-148992
-148995
-149046
-149048
-149050
-149053
-149057
-149058
-149059
-149061
-149066
-149067
-149068
-149069
-149071
-149073
-149075
-149098
-149100
-149101
-149103
-149104
-149106
-149107
-149108
-149109
-149110
-149111
-149112
-149218
-149220
-149222
-149225
-149226
-149227
-149229
-149231
-149234
-149235
-149236
-149239
149274
149281
149285
149295
149296
149328
149330
149346
149351
149353
149356
149374
149378
149380
149382
149383
149423
149428
149430
149448
149451
149452
149454
149487
149489
149513
149515
149608
149611
-149677
-149787
-149790
-149795
-149802
149841
-150045
-150114
-150352
-150354
-150373
-150375
-150376
-150377
-150381
-150384
-150387
-150390
-150425
-150432
-150434
-150438
-150445
-150472
-150475
-150480
-150482
-150483
-150485
-150493
-150495
-150623
-150624
-150625
150626
-150646
150744
150862
150867
150872
150873
150876
150886
150891
150904
150906
150922
150928
151005
151006
151017
151029
151033
151037
-151111
151113
151241
151244
151249
151280
151282
-151446
-151448
-151454
151487
-151498
-151503
-151508
-151511
-151526
-151728
-151763
-151770
-151775
-151780
-151783
-151784
-151788
-151816
-151822
-151824
-151829
-151845
-151848
-151850
-151851
-151918
-151920
-151921
-151923
-152083
-152085
-152086
152135
152141
152143
152145
152146
152268
152292
152295
152298
152300
152303
152307
152324
152325
152327
152389
152390
152393
152399
152409
152414
-152459
-152461
-152475
-152477
-152478
-152483
-152502
-152505
-152625
-152626
152651
152654
152659
152671
152672
152699
-152807
-152809
-152811
-152815
-152817
-152819
-152824
-152827
-152828
-152834
-152837
-152857
-152860
-152866
-152868
152878
-152895
-152900
-152902
-152908
152912
-152916
-152923
-152929
153037
153039
153064
-153151
-153160
-153162
-153164
-153179
-153180
-153185
-153186
-153208
-153256
-153261
-153263
-153264
-153269
-153495
-153503
-153504
-153505
153544
153681
153687
-153710
153712
153713
153736
153740
153743
153746
153747
153751
153754
153770
153777
153795
153810
153811
-153839
-153840
-153841
-153842
-153860
153862
-153870
-153872
-153877
-153878
-153883
153892
153896
153899
153905
154027
154029
154032
154034
154035
154036
154037
154068
154069
154073
154075
154081
154082
154129
154131
-154193
-154194
-154199
-154201
-154203
-154213
-154220
-154226
-154240
-154245
-154247
-154249
-154251
-154303
-154305
-154308
-154311
154321
154330
154336
154338
154351
154353
154357
154379
154380
154401
154403
154404
154407
154414
154416
154419
154425
154437
154450
154451
154454
154457
154475
154483
-154553
-154555
-154566
-154669
154965
154968
155131
155132
155133
155158
155166
155178
155186
155188
155192
155194
155195
155229
155230
155235
-155312
155321
155332
155389
155390
155391
155393
155402
155404
155411
155413
155423
155425
155453
155454
155508
155513
155520
155533
155534
155535
155536
155538
155540
155541
155543
155544
155545
155547
155561
155563
155564
155565
155567
-155592
-155598
-155599
-155600
-155636
-155675
-155678
155687
-155701
155728
155738
155739
155760
155762
155764
155766
155772
155774
155775
155783
155784
155787
155800
155804
155808
155811
155818
155828
155830
155844
155849
155851
155857
155861
155863
155866
155867
156158
156162
156169
156170
156222
156224
156226
156228
156231
156233
156234
156235
156237
156240
156244
156521
156552
156561
156646
156647
156675
156689
156695
156704
156748
156750
156751
156752
156759
156761
156766
156767
156769
156770
156771
156777
156779
156791
156870
156901
156902
156904
156906
156921
156922
156923
156924
156925
156926
156928
-157012
-157016
-157037
-157039
-157045
157099
157102
157103
157115
157122
157171
157172
157182
157194
157519
157522
157534
157547
157548
157559
157599
157613
157618
158032
158053
158057
158099
158416
-158437
-158442
158596
158597
158784
158809
158813
158923
158926
158931
158932
158936
158938
158939
158940
158941
158943
158944
158946
158947
158950
158953
158957
159409
159435
159437
159438
159461
-159738
-159745
-159768
159950
159952
159954
159956
159958
159959
159961
159962
160112
160114
160138
160142
160144
160147
160149
160150
160152
160153
160155
160156
160161
160163
160223
160224
160249
160254
160255
160294
160755
160800
160801
160802
160805
160806
160808
160811
160860
-161101
-161104
-161109
161117
161118
-161127
-161131
-161142
161341
161343
161345
161347
161351
161352
161432
161437
161438
161443
161444
161446
161489
161491
161492
161493
161495
161501
161502
161517
161535
161542
161547
161562
161563
161568
161569
161570
161714
162123
162127
162178
162218
162225
162473
-162481
162487
162489
-162513
162754
162756
162757
162760
162761
162762
162770
162772
162782
162792
162794
162800
162802
162803
162807
162840
162848
162883
162901
162903
162912
162913
163039
163044
163045
163047
163048
163051
163065
163479
163485
163486
163794
163800
163841
163842
163846
163849
164048
164050
164055
164067
164085
164101
164110
164145
164152
164221
164223
164224
164225
164227
164393
164396
164775
164781
164782
164785
164786
164789
164791
165048
165051
165052
165081
165083
165086
165088
165089
165090
165092
165094
165095
165096
165098
165099
165101
165106
165110
165141
165155
165367
165374
165375
165382
165387
165391
165393
165394
165395
165396
165397
-165453
165540
165727
166074
166077
166315
166326
166327
166329
166332
166336
166337
166338
166339
166341
166342
166644
167554
)


// ************************************************************************* //
