/*--------------------------------*- C++ -*----------------------------------*\
  =========                 |
  \\      /  F ield         | OpenFOAM: The Open Source CFD Toolbox
   \\    /   O peration     | Website:  https://openfoam.org
    \\  /    A nd           | Version:  7
     \\/     M anipulation  |
\*---------------------------------------------------------------------------*/
FoamFile
{
    version     2.0;
    format      ascii;
    class       labelList;
    note        "nPoints:1415  nCells:5942  nFaces:12636  nInternalFaces:11132";
    location    "constant/solid/polyMesh";
    object      neighbour;
}
// * * * * * * * * * * * * * * * * * * * * * * * * * * * * * * * * * * * * * //


11132
(
11
12
13
2
13
15
16
17
6
25
26
22
26
27
8
32
33
33
34
9
34
35
17
36
37
38
37
39
40
47
48
49
50
49
51
15
29
52
53
54
55
56
53
55
31
52
57
48
58
59
21
60
61
58
62
65
66
44
66
67
25
28
41
69
70
71
72
64
73
74
36
75
75
76
77
78
79
79
80
82
83
69
83
71
84
84
85
69
86
87
88
64
74
88
89
90
87
91
67
100
43
46
100
76
78
101
102
102
103
104
104
105
51
57
108
50
108
56
109
110
111
54
112
54
113
86
114
115
82
116
117
120
121
122
110
123
107
125
125
126
107
127
127
129
130
139
141
142
143
144
145
146
147
101
148
149
150
72
147
151
74
152
145
152
143
153
154
153
86
155
155
156
81
157
158
156
157
113
159
119
159
160
161
162
163
164
165
164
166
87
167
168
169
170
171
170
172
173
174
175
176
177
178
179
105
162
177
161
180
181
179
182
183
99
103
183
98
184
185
149
186
184
187
146
155
144
196
197
198
199
200
197
201
201
202
214
215
214
216
217
111
112
218
219
216
220
216
221
156
222
168
223
224
221
222
224
163
223
225
218
225
226
136
180
227
227
228
124
160
217
127
229
230
123
126
231
232
130
228
233
234
235
129
131
236
237
238
230
239
213
215
240
241
242
178
241
243
243
244
245
137
181
245
236
248
249
250
212
248
250
170
251
251
252
253
148
192
144
148
254
255
256
257
147
258
197
259
259
260
261
262
151
165
168
266
267
268
269
270
271
251
256
272
273
274
202
275
161
276
277
277
278
228
279
280
202
281
282
283
284
282
285
269
284
286
169
286
287
288
171
289
290
291
292
174
293
175
294
294
295
289
296
297
298
299
300
301
298
302
303
304
303
305
306
307
199
308
309
310
189
311
312
193
261
312
195
308
309
189
315
316
317
313
318
319
193
320
321
253
321
322
329
330
331
334
335
198
262
336
337
200
338
339
340
310
341
339
342
275
242
346
347
347
348
349
244
247
348
351
352
353
208
354
355
349
356
356
357
358
212
360
361
246
361
362
363
363
364
235
365
237
366
370
230
370
371
372
220
373
374
371
375
372
376
278
377
282
378
379
380
378
381
381
382
304
383
383
231
384
385
386
232
387
374
388
234
365
387
389
237
385
238
390
391
239
392
383
393
306
394
395
396
396
397
398
399
400
401
402
403
249
404
353
404
390
405
402
406
405
406
407
408
409
256
410
255
257
411
412
413
414
415
416
415
417
418
418
419
261
321
420
421
310
422
264
408
423
320
323
293
409
424
269
285
425
419
425
426
270
417
427
427
412
428
292
428
429
429
430
431
274
288
432
377
433
434
435
280
434
436
304
437
376
438
370
376
439
281
305
299
434
440
441
442
285
443
444
445
446
447
448
380
426
291
449
293
407
450
451
452
451
453
454
455
296
455
456
457
458
449
459
339
460
301
461
302
395
462
399
462
463
464
405
465
466
403
467
464
468
333
468
469
469
470
471
472
473
317
471
474
475
476
334
477
315
322
478
475
479
332
479
480
318
480
319
481
331
482
483
484
484
475
483
485
486
330
487
488
328
489
490
488
491
492
328
493
494
495
497
498
499
500
501
502
498
504
335
493
481
505
469
505
338
416
506
342
507
508
507
509
510
510
511
512
473
512
513
514
515
344
394
494
525
526
495
527
528
525
529
530
531
401
532
530
532
358
529
533
359
534
354
535
536
535
537
538
539
523
539
540
540
541
524
542
541
543
362
544
545
546
406
546
537
547
390
548
366
548
549
550
551
554
555
369
556
557
561
562
386
382
591
379
592
593
594
375
595
384
596
597
380
598
379
599
600
601
442
602
593
603
393
386
604
549
605
606
549
607
595
607
608
609
550
605
610
609
610
611
611
612
397
613
464
614
531
615
525
616
401
531
617
403
618
402
404
619
620
621
622
537
623
624
409
430
410
625
626
484
627
413
420
628
629
630
414
631
627
632
629
633
633
634
629
635
508
636
432
636
637
638
422
476
638
639
640
625
641
626
642
643
644
432
645
446
643
453
646
647
648
450
649
632
648
650
651
435
652
653
654
514
654
437
655
656
438
657
598
658
606
612
659
441
444
660
661
662
663
444
664
665
666
448
664
667
453
668
449
669
670
671
452
672
647
673
458
647
674
455
642
672
457
459
675
672
676
677
461
463
510
678
679
678
680
678
681
682
623
683
684
657
683
685
655
684
686
613
687
688
472
511
689
481
690
473
691
692
690
693
694
695
695
696
489
697
698
486
699
700
701
501
702
703
502
697
704
486
705
637
641
706
706
707
708
709
710
490
711
492
712
580
709
713
710
714
711
715
715
716
712
716
518
527
717
718
719
501
720
707
718
721
502
722
723
724
725
504
571
726
701
727
698
729
634
640
730
731
732
732
733
513
731
734
515
512
681
735
735
736
653
737
737
738
517
533
740
526
528
741
742
739
744
745
522
542
745
744
746
747
748
749
588
751
751
752
754
755
756
757
758
756
757
754
759
759
760
761
538
762
755
763
536
587
764
538
765
539
766
767
768
769
751
770
759
771
772
773
763
771
773
547
774
548
775
776
777
776
778
779
780
781
782
784
785
553
787
788
555
557
789
790
790
791
792
793
793
794
788
795
796
561
796
797
562
565
798
799
800
792
800
567
809
810
809
811
810
812
569
795
813
797
814
801
814
815
815
816
726
819
820
699
821
575
822
823
579
811
823
708
824
576
824
825
826
578
827
828
825
830
831
832
826
833
802
828
834
834
835
836
590
839
840
853
854
855
838
854
856
749
753
856
588
857
858
858
859
859
860
592
596
863
597
864
865
595
866
867
868
869
658
659
652
870
600
602
871
872
873
645
870
873
663
874
863
865
874
606
869
875
875
876
612
608
877
878
779
879
781
880
685
881
881
715
882
615
883
884
761
885
882
885
886
618
620
887
622
888
620
621
889
890
622
891
892
624
879
891
893
894
895
649
895
637
896
634
897
898
899
631
646
900
901
902
896
902
732
903
904
636
643
905
651
906
898
906
696
907
908
898
908
909
910
911
666
912
913
912
914
915
916
917
916
918
650
910
919
920
733
921
656
922
733
923
656
679
924
925
924
925
926
927
928
869
929
661
666
871
930
931
665
931
930
665
932
933
668
670
932
934
935
671
936
936
673
937
910
674
938
915
934
939
940
917
939
941
940
942
943
737
944
883
888
943
945
946
687
884
947
948
949
949
950
948
951
892
950
952
882
953
689
953
954
946
955
956
957
692
956
958
736
907
696
959
960
702
961
962
705
963
964
723
965
711
966
701
967
963
968
969
969
724
970
704
729
957
965
971
906
972
967
973
728
974
974
975
976
977
723
978
979
980
981
714
977
982
978
981
983
756
984
833
985
728
986
720
819
987
727
988
722
989
990
991
992
993
725
994
992
995
727
996
997
954
966
734
998
999
738
1000
1001
1002
736
1003
738
1004
1005
1006
1006
740
741
1007
1008
1007
1009
1009
1010
1011
750
837
1010
1012
1013
1012
1014
748
1015
750
1016
1017
1012
1018
772
1019
1020
1023
753
772
1024
860
755
1025
1026
1027
1007
1028
981
982
1029
1030
1030
1031
1032
887
1032
768
890
1033
1008
1034
766
774
857
767
768
1035
1036
1037
889
1038
1039
770
1040
1041
1042
1043
1042
1044
1045
1014
1046
1047
1048
1049
1050
1051
893
1048
1051
1038
1047
1052
781
1050
876
877
1053
1054
1055
785
1081
1083
1084
1085
1086
1087
787
808
1083
791
1089
1089
1090
1084
1091
1092
1093
1086
1094
1095
1096
1093
1097
799
1090
1097
1098
1099
1100
1101
1102
1103
1096
1104
1100
1105
1095
1102
832
1106
1107
1108
816
1109
1110
818
1108
1110
813
1111
1112
1080
1112
1113
817
1109
1113
1111
1114
1115
1116
1102
1117
1115
1118
1104
1117
1098
1119
1120
1121
1122
1123
1119
1124
1129
1130
1131
1132
1148
996
1149
1150
1151
1152
1153
831
1153
1154
1155
827
1156
1156
1157
831
1158
1158
1159
830
985
1160
1161
1162
1163
1120
1164
982
1165
1159
1166
837
1167
1168
1057
1166
1169
1160
840
1175
1176
1177
1177
1178
842
1179
1180
1182
1183
1182
1184
1186
1187
1184
1187
1189
847
1193
1194
1196
1197
1196
1198
1172
1194
1200
855
1015
1021
1175
1203
1186
1203
1204
1201
1204
1205
1206
1207
1208
1178
1209
1210
1210
1211
1212
1213
1178
1214
1219
1232
1233
1229
1232
1235
1236
1237
872
927
1237
1238
867
1238
1239
868
1240
1236
1241
1242
1243
1244
930
1245
1246
1247
1245
1247
1246
880
1248
1055
1249
878
1250
1251
948
1252
881
1253
951
1254
1255
1256
885
1257
1258
1025
1254
1259
1255
1260
1255
1261
890
1262
1263
1264
1265
1261
1265
1266
1267
896
919
1268
919
1269
901
1270
1271
1271
900
903
1272
1273
1274
1273
1275
916
1276
904
1277
1270
1278
911
1272
1279
1280
959
999
999
1281
973
1268
1282
941
913
935
1245
1283
1283
1284
921
1285
1286
1287
1288
1289
918
1290
920
1291
1292
941
1293
1002
1279
923
1243
1294
1295
1296
1294
1297
949
1298
928
1299
1300
1244
1301
929
1301
1299
1302
1303
933
1303
1284
1303
936
1287
1284
1304
942
1305
1288
1290
1305
1306
1307
1308
1306
1308
944
1256
1297
1309
1004
1310
1311
947
1310
953
1312
1313
1314
1265
1314
1299
1315
1261
1297
1316
1317
1318
1319
958
1318
1320
959
1321
1322
1323
1321
1324
1325
961
964
1326
970
1327
995
1323
1327
1328
1329
1328
1330
966
1331
1332
1151
1333
970
1328
1334
1333
1335
1336
995
1323
1337
973
1280
1338
1339
989
976
1155
1340
1157
1341
978
1341
993
980
983
1332
984
1342
1342
1343
984
1344
1345
1011
1165
987
1346
1148
1347
994
1347
1348
1340
1349
1346
1350
1351
993
1352
1353
1351
1354
1355
1351
1356
1354
997
1150
1335
1348
1278
1357
1358
1358
1001
1359
1360
1002
1277
1296
1357
1360
1361
1362
1363
1324
1361
1362
1364
1365
1366
1014
1367
1013
1368
1017
1369
1369
1370
1371
1017
1372
1373
1374
1375
1020
1374
1376
1377
1019
1375
1378
1209
1379
1022
1167
1380
1381
1381
1382
1024
1043
1211
1214
1383
1026
1384
1027
1385
1345
1386
1366
1387
1388
1343
1387
1389
1044
1384
1033
1390
1391
1258
1391
1392
1393
1385
1394
1395
1037
1038
1396
1040
1397
1398
1047
1399
1400
1041
1393
1396
1401
1402
1401
1403
1404
1405
1402
1406
1394
1404
1046
1383
1407
1405
1408
1409
1267
1410
1410
1411
1252
1412
1052
1413
1414
1415
1054
1253
1412
1416
1417
1418
1062
1130
1131
1132
1420
1061
1380
1422
1060
1382
1420
1423
1424
1424
1425
1419
1423
1072
1428
1429
1065
1073
1429
1430
1431
1431
1432
1434
1076
1437
1438
1077
1437
1439
1071
1438
1440
1081
1440
1441
1442
1443
1444
1445
1446
1447
1447
1448
1449
1076
1444
1449
1450
1448
1451
1451
1453
1454
1446
1452
1455
1456
1457
1458
1114
1127
1441
1086
1459
1460
1087
1088
1460
1461
1458
1462
1435
1436
1463
1464
1100
1465
1466
1467
1468
1094
1467
1469
1469
1464
1470
1105
1471
1471
1105
1472
1463
1473
1101
1123
1474
1475
1103
1475
1476
1121
1477
1478
1479
1107
1122
1164
1480
1481
1481
1482
1483
1484
1483
1485
1463
1486
1487
1488
1484
1489
1459
1486
1120
1490
1117
1491
1476
1153
1492
1488
1493
1494
1123
1495
1124
1496
1496
1485
1497
1443
1498
1499
1136
1499
1500
1456
1498
1457
1501
1502
1502
1503
1504
1505
1505
1506
1482
1506
1139
1503
1507
1442
1508
1509
1141
1508
1510
1510
1511
1138
1147
1512
1500
1501
1512
1513
1143
1439
1509
1514
1515
1515
1516
1517
1517
1518
1514
1519
1520
1146
1511
1521
1520
1522
1521
1524
1526
1526
1527
1528
1529
1154
1530
1531
1532
1157
1532
1161
1533
1534
1163
1535
1162
1536
1168
1369
1165
1537
1168
1538
1480
1539
1480
1540
1541
1482
1542
1169
1543
1544
1545
1546
1190
1548
1549
1549
1550
1551
1551
1552
1180
1553
1554
1190
1554
1555
1556
1557
1212
1558
1557
1559
1560
1561
1562
1562
1563
1183
1564
1565
1561
1566
1563
1567
1566
1568
1188
1565
1569
1570
1571
1568
1570
1189
1572
1573
1574
1576
1547
1577
1578
1575
1576
1578
1580
1581
1581
1582
1197
1222
1583
1580
1584
1582
1585
1199
1584
1586
1587
1588
1590
1591
1422
1572
1421
1425
1569
1556
1571
1205
1592
1556
1593
1208
1209
1594
1380
1422
1595
1375
1596
1597
1398
1213
1598
1599
1214
1599
1600
1601
1602
1603
1588
1601
1604
1226
1607
1608
1231
1516
1608
1609
1610
1222
1609
1611
1610
1612
1613
1590
1224
1228
1611
1519
1614
1226
1453
1518
1615
1522
1525
1616
1616
1617
1607
1625
1234
1612
1626
1233
1614
1627
1628
1627
1629
1235
1618
1628
1630
1238
1631
1246
1632
1633
1250
1633
1634
1242
1631
1635
1302
1636
1285
1637
1247
1637
1249
1636
1638
1418
1639
1639
1640
1640
1267
1313
1638
1641
1344
1642
1643
1311
1644
1311
1312
1645
1259
1646
1384
1647
1263
1643
1648
1649
1400
1650
1651
1392
1651
1266
1650
1652
1652
1653
1654
1654
1269
1655
1280
1656
1273
1657
1658
1659
1274
1660
1304
1276
1661
1656
1662
1660
1663
1657
1664
1286
1660
1665
1330
1659
1666
1667
1668
1286
1296
1304
1289
1291
1662
1291
1307
1669
1293
1655
1669
1670
1671
1672
1365
1673
1674
1674
1675
1300
1671
1676
1677
1678
1679
1679
1680
1680
1681
1682
1670
1682
1683
1682
1364
1684
1685
1312
1320
1686
1687
1688
1689
1690
1691
1641
1677
1689
1675
1692
1693
1319
1642
1687
1322
1694
1694
1695
1696
1697
1322
1698
1699
1700
1696
1701
1326
1698
1702
1703
1704
1705
1706
1707
1338
1707
1708
1703
1709
1337
1355
1710
1695
1710
1529
1708
1336
1711
1712
1528
1711
1356
1713
1714
1715
1339
1716
1708
1717
1352
1718
1352
1719
1389
1720
1721
1722
1345
1723
1724
1347
1725
1726
1527
1727
1718
1728
1725
1728
1729
1730
1731
1731
1732
1733
1732
1734
1720
1733
1727
1735
1664
1736
1666
1702
1365
1674
1737
1663
1737
1736
1738
1696
1739
1686
1739
1740
1365
1740
1367
1368
1395
1741
1742
1743
1744
1541
1743
1745
1372
1373
1746
1742
1747
1741
1748
1381
1749
1750
1543
1749
1751
1747
1751
1752
1746
1753
1754
1407
1597
1753
1755
1756
1545
1756
1406
1757
1758
1386
1758
1388
1724
1759
1760
1395
1761
1760
1762
1393
1403
1763
1648
1764
1648
1765
1765
1758
1766
1767
1768
1769
1399
1770
1771
1598
1772
1768
1773
1414
1774
1770
1775
1598
1776
1404
1777
1778
1406
1779
1780
1757
1781
1748
1781
1782
1415
1773
1783
1784
1785
1412
1416
1786
1787
1784
1788
1653
1789
1788
1790
1791
1418
1638
1792
1793
1507
1794
1545
1795
1794
1796
1797
1795
1798
1755
1798
1799
1800
1427
1796
1801
1513
1802
1803
1804
1804
1805
1806
1807
1807
1808
1810
1811
1434
1455
1813
1808
1814
1445
1816
1450
1458
1817
1818
1819
1820
1821
1822
1819
1823
1459
1823
1824
1825
1824
1826
1827
1828
1827
1829
1830
1831
1805
1831
1817
1832
1817
1828
1827
1833
1821
1834
1454
1835
1836
1837
1834
1838
1830
1839
1487
1840
1489
1841
1833
1842
1843
1844
1470
1842
1845
1844
1845
1846
1847
1465
1848
1472
1849
1850
1851
1852
1853
1844
1850
1854
1472
1852
1853
1855
1478
1856
1857
1847
1858
1859
1858
1860
1861
1860
1862
1478
1863
1863
1864
1865
1866
1856
1862
1867
1868
1485
1869
1870
1505
1871
1488
1872
1873
1487
1874
1875
1876
1502
1877
1492
1494
1878
1863
1878
1879
1880
1497
1859
1876
1495
1540
1865
1881
1881
1882
1882
1883
1826
1840
1884
1885
1886
1887
1887
1888
1889
1504
1889
1507
1890
1891
1795
1892
1893
1894
1895
1894
1896
1895
1897
1886
1897
1888
1898
1898
1899
1900
1901
1901
1902
1903
1904
1902
1905
1837
1905
1906
1907
1900
1908
1886
1909
1908
1910
1524
1911
1912
1909
1913
1911
1914
1726
1726
1915
1529
1916
1917
1531
1918
1919
1539
1879
1920
1921
1534
1537
1922
1923
1924
1536
1922
1925
1926
1927
1928
1929
1544
1927
1929
1868
1925
1881
1930
1722
1928
1926
1931
1932
1546
1933
1744
1933
1934
1932
1935
1802
1912
1936
1937
1937
1938
1939
1940
1941
1942
1941
1943
1577
1944
1945
1946
1936
1945
1947
1948
1559
1949
1950
1951
1952
1597
1600
1951
1953
1954
1955
1944
1956
1801
1944
1567
1957
1574
1958
1574
1959
1960
1800
1957
1592
1961
1962
1573
1797
1592
1963
1964
1914
1939
1938
1965
1946
1966
1965
1967
1591
1617
1940
1968
1943
1969
1590
1970
1585
1589
1971
1972
1973
1972
1974
1975
1976
1977
1978
1976
1979
1613
1978
1980
1942
1980
1981
1594
1982
1983
1984
1985
1986
1987
1988
1985
1986
1989
1984
1990
1950
1991
1757
1992
2002
2001
2003
2004
2004
2005
1976
2005
2008
2009
2010
1615
2013
2015
2016
2017
1904
2017
2018
2019
2018
2020
2019
2021
2020
2022
1971
2023
1629
1907
2024
2025
1906
2026
2021
2026
2028
2029
2028
2030
2031
2027
2031
2032
1998
2032
2033
1626
2007
2034
1996
2030
2034
1625
2035
2036
1630
2016
2022
2038
2017
2039
2020
2040
2019
2041
2042
2043
1632
1680
2044
1635
1639
1636
2045
2046
2047
2048
2044
2049
1787
2047
1723
2050
1649
2051
1685
1686
2052
1646
2053
2054
1647
1764
2050
2055
2056
2057
2058
1653
2059
2058
2060
1691
2059
2061
1688
2062
1667
2063
2063
2064
2065
1661
1665
2066
2065
2066
2064
2067
1664
1716
2064
2065
2068
2069
1717
2070
1683
2067
1683
2046
2071
1673
1675
2071
1684
1684
1690
2072
2073
1678
1681
2072
2074
2046
2075
2075
2045
2074
2076
1740
2076
2054
1697
2053
1691
2077
1787
2077
1693
2078
2078
2057
2079
2080
2073
2080
1697
2081
1723
2082
2083
2084
1701
2085
1700
2085
2086
1715
2087
2088
2089
2068
2088
2068
2090
1705
2090
2091
2087
2092
1713
1734
2092
1709
1712
1917
2093
2094
1720
2082
1727
1916
2095
2096
1735
2097
1732
1733
2098
2098
2099
2094
2100
2100
2101
1920
2102
1721
1924
2103
1762
2104
2105
1759
2105
2106
1761
2107
2108
2109
2110
2111
1730
2112
2113
1734
1735
2102
2103
2114
2115
2116
2117
2088
1738
2118
2118
2119
2118
1742
1767
2120
1759
2121
1745
1752
2122
2123
1748
2124
2124
2125
2126
2127
2128
1754
2127
2129
2130
2131
2122
2131
1781
2132
2133
2134
1756
2135
2136
2137
2138
2139
1761
2140
2141
2104
2142
1777
2143
2144
2056
2144
2145
2146
1778
2147
2148
2148
2149
1770
2150
1774
2146
2151
2152
1772
2153
2154
2155
2156
2157
2060
2158
1776
2159
2160
2161
2162
1778
2160
2163
1782
2163
2164
2137
2162
2164
2165
2126
2166
2157
2167
2168
2062
2168
2169
1787
1791
2169
2167
2170
1790
2158
2171
2156
2170
1792
2047
2048
1799
1893
2172
1899
2173
1800
2174
1799
2175
2176
2177
2173
2178
2178
2179
1829
2180
1806
2181
1828
2181
2182
2183
2184
1830
2184
1811
2185
2186
2183
2187
1814
2187
1813
2188
2189
2190
2191
2191
2192
2186
2203
1829
1843
2204
1820
1822
2205
1833
2206
1825
2207
1837
2208
1896
2209
1826
2210
1885
2211
1896
2212
2213
2214
2215
2216
2217
1832
2218
1834
2219
2220
2221
1838
1839
2014
1838
2025
2222
2223
2224
2190
2225
1841
2230
1884
2231
2232
2233
2234
2234
1854
2235
2220
2236
2237
1848
2238
1855
2239
1860
2239
2240
2241
2242
2243
2244
2244
2245
1854
2246
2247
2248
2249
2250
2251
1867
2240
2245
2239
2252
2252
2253
2254
1882
2252
2255
1864
2254
1866
2251
2256
1878
2257
2251
2258
2259
1930
2260
2260
2261
2262
1931
2261
2263
1872
2264
2265
2266
2267
1883
2262
2265
1875
2232
2238
2268
2269
2267
2269
2266
2270
2271
2272
1930
2273
2272
2273
2274
2275
2276
2277
1887
2278
1895
2279
2280
2281
1889
2282
2283
2283
2284
2285
2264
2284
2286
2172
2263
2286
1899
2287
1902
2288
2289
2290
1900
2291
1913
2292
2293
2294
1903
2295
2296
1907
2297
1905
2298
2299
1908
2300
2301
2302
1910
2303
1911
2304
2305
1967
2179
2179
2306
2305
2307
2110
2310
2311
2095
2312
2095
2101
1921
2314
2315
2313
2314
2316
1923
2317
2318
2319
2318
2320
2320
2321
2315
2322
2323
2324
2319
2324
2123
2321
2123
2319
2325
2323
2326
2327
2328
2131
2328
1935
2136
2329
2128
2330
2331
2332
2333
1939
2334
2307
1942
2335
2332
2336
2337
2338
1966
1954
2339
1965
2340
1948
1962
1982
1952
2341
2342
1992
2343
1992
2344
2342
2345
1958
2346
2347
1956
2346
2348
2349
2350
2173
2351
2352
2353
1964
2350
2351
2352
2354
1981
2354
2355
2355
2174
2356
2357
2353
2356
2358
2178
2359
2305
2360
1973
2361
2362
1970
2338
2362
2363
2364
2018
2365
1978
2366
2366
2367
2363
2366
2368
2367
2369
2370
2371
2007
2372
2373
2373
2002
2372
2374
2021
2364
1983
2357
2345
2375
2375
2376
2344
2377
2378
2379
2380
2381
2174
2381
2382
2135
2383
2384
2129
2380
2385
2155
2161
2386
2386
2387
2388
2001
2396
2397
1995
2398
2399
2400
2401
2401
2402
2420
2421
2422
2439
2442
2000
2033
2443
2029
2036
2010
2003
2006
2397
2444
2445
2446
2447
2037
2448
2448
2449
2450
2451
2452
2451
2453
2394
2449
2454
2455
2456
2457
2035
2458
2015
2459
2025
2460
2024
2461
2462
2463
2464
2465
2466
2023
2467
2373
2468
2035
2469
2470
2335
2471
2400
2472
2038
2473
2042
2473
2474
2475
2475
2476
2477
2478
2478
2479
2474
2480
2481
2042
2482
2397
2402
2474
2483
2462
2484
2485
2465
2484
2486
2301
2485
2487
2488
2486
2488
2489
2047
2049
2053
2502
2052
2056
2503
2054
2504
2505
2506
2138
2502
2507
2508
2509
2510
2059
2510
2511
2146
2512
2171
2511
2513
2513
2514
2067
2069
2515
2094
2515
2100
2515
2073
2516
2075
2079
2514
2516
2516
2517
2518
2519
2086
2520
2521
2521
2522
2084
2119
2523
2505
2520
2091
2524
2099
2524
2091
2525
2523
2524
2526
2097
2527
2096
2526
2528
2528
2529
2530
2531
2531
2532
2533
2534
2521
2535
2536
2529
2111
2537
2115
2538
2115
2539
2321
2540
2107
2522
2541
2141
2542
2109
2113
2310
2117
2543
2544
2545
2116
2544
2546
2547
2548
2116
2533
2544
2549
2527
2548
2550
2506
2121
2125
2551
2139
2552
2552
2553
2554
2133
2555
2552
2556
2557
2558
2130
2559
2136
2560
2134
2561
2133
2562
2563
2377
2564
2565
2566
2565
2567
2136
2175
2165
2568
2147
2542
2540
2569
2141
2142
2569
2149
2522
2570
2571
2572
2573
2507
2574
2508
2572
2575
2575
2507
2576
2558
2576
2551
2577
2151
2152
2578
2579
2580
2159
2581
2155
2581
2582
2157
2583
2584
2578
2585
2585
2580
2586
2587
2588
2571
2589
2588
2590
2590
2591
2558
2589
2166
2591
2166
2592
2593
2594
2595
2514
2594
2596
2586
2596
2329
2597
2598
2599
2597
2600
2601
2602
2603
2599
2601
2604
2605
2606
2216
2608
2609
2609
2610
2610
2611
2612
2613
2612
2614
2189
2615
2616
2617
2617
2618
2459
2619
2191
2620
2459
2621
2622
2614
2618
2623
2194
2624
2625
2626
2627
2441
2619
2628
2197
2628
2629
2615
2630
2440
2631
2632
2627
2629
2631
2202
2624
2630
2633
2634
2203
2634
2616
2635
2205
2215
2636
2207
2637
2207
2220
2638
2639
2209
2221
2640
2637
2641
2233
2638
2642
2212
2643
2644
2645
2646
2230
2642
2643
2215
2220
2647
2648
2647
2649
2218
2612
2650
2610
2651
2221
2636
2651
2652
2470
2653
2654
2299
2640
2655
2652
2654
2656
2621
2650
2656
2657
2658
2633
2658
2659
2626
2661
2662
2434
2662
2663
2231
2268
2271
2664
2248
2665
2235
2665
2649
2666
2236
2667
2638
2668
2647
2649
2669
2248
2253
2670
2258
2671
2666
2672
2247
2672
2673
2673
2674
2675
2675
2676
2676
2677
2678
2667
2678
2679
2670
2677
2679
2259
2680
2681
2682
2269
2683
2258
2684
2275
2685
2686
2257
2684
2687
2688
2689
2690
2691
2692
2325
2693
2693
2694
2694
2695
2326
2696
2697
2698
2276
2698
2699
2700
2276
2700
2701
2702
2703
2283
2699
2704
2702
2705
2688
2313
2706
2275
2689
2707
2277
2708
2695
2709
2281
2664
2710
2644
2710
2711
2303
2712
2713
2282
2714
2715
2716
2715
2697
2717
2287
2718
2719
2720
2721
2293
2603
2290
2296
2722
2291
2711
2722
2645
2723
2712
2724
2293
2725
2726
2727
2302
2724
2728
2297
2728
2729
2729
2730
2298
2731
2732
2733
2730
2732
2734
2735
2736
2731
2735
2734
2737
2304
2738
2739
2740
2741
2606
2726
2738
2335
2742
2657
2743
2743
2745
2746
2548
2747
2747
2748
2543
2749
2750
2751
2752
2318
2753
2317
2537
2754
2755
2756
2757
2758
2756
2759
2760
2323
2693
2753
2761
2328
2762
2707
2763
2327
2764
2330
2765
2563
2330
2597
2766
2333
2339
2767
2768
2334
2769
2358
2770
2771
2337
2768
2772
2773
2774
2772
2775
2340
2776
2358
2777
2343
2778
2779
2780
2387
2781
2345
2782
2783
2784
2785
2348
2776
2786
2787
2788
2359
2787
2789
2785
2789
2604
2790
2791
2785
2792
2793
2794
2375
2793
2795
2796
2794
2797
2798
2605
2777
2741
2798
2799
2800
2801
2363
2802
2803
2774
2804
2368
2468
2805
2806
2801
2806
2807
2808
2809
2810
2371
2809
2811
2374
2447
2448
2812
2813
2444
2814
2815
2379
2797
2816
2378
2782
2385
2817
2817
2818
2561
2819
2818
2820
2384
2599
2821
2560
2822
2823
2824
2825
2565
2826
2584
2827
2778
2827
2568
2781
2828
2396
2399
2829
2450
2829
2830
2392
2831
2832
2830
2833
2407
2833
2834
2455
2834
2398
2832
2835
2453
2836
2837
2838
2839
2839
2840
2841
2842
2842
2843
2480
2844
2404
2472
2845
2835
2846
2831
2847
2848
2432
2847
2849
2850
2851
2409
2848
2852
2428
2851
2426
2457
2853
2412
2860
2861
2863
2864
2425
2871
2872
2416
2874
2875
2418
2421
2874
2877
2878
2879
2880
2872
2879
2427
2881
2882
2882
2883
2884
2885
2423
2885
2886
2868
2887
2425
2853
2888
2883
2850
2881
2889
2890
2889
2892
2887
2890
2894
2849
2901
2902
2436
2903
2904
2846
2904
2438
2903
2905
2905
2906
2437
2906
2907
2908
2909
2909
2910
2442
2845
2632
2663
2443
2911
2458
2911
2912
2913
2479
2482
2446
2914
2451
2915
2447
2916
2917
2480
2918
2919
2919
2920
2921
2918
2922
2920
2923
2918
2924
2924
2925
2926
2927
2928
2929
2460
2930
2931
2931
2932
2462
2469
2489
2733
2464
2805
2933
2487
2934
2467
2933
2804
2934
2935
2483
2936
2936
2937
2938
2939
2940
2941
2736
2771
2935
2477
2841
2476
2942
2943
2842
2944
2478
2945
2913
2946
2947
2632
2948
2949
2482
2930
2950
2951
2942
2952
2953
2954
2955
2956
2954
2957
2955
2958
2957
2959
2954
2960
2964
2965
2965
2966
2967
2495
2967
2968
2494
2968
2969
2907
2970
2971
2972
2910
2972
2973
2971
2975
2976
2974
2977
2978
2500
2973
2978
2901
2908
2852
2896
2902
2541
2979
2504
2508
2509
2518
2980
2506
2979
2980
2981
2982
2518
2983
2512
2984
2517
2984
2983
2985
2595
2986
2987
2987
2519
2986
2984
2523
2988
2989
2990
2527
2533
2531
2991
2536
2530
2749
2536
2992
2993
2550
2991
2993
2994
2535
2549
2995
2996
2538
2997
2756
2998
2549
2570
2999
2999
3000
2542
3001
2577
2748
3002
3003
2997
3003
2547
3004
3005
3006
3007
3008
3002
3007
2569
3009
3010
2554
3010
3011
2758
2760
3012
3013
3014
3012
3015
3016
2593
3013
3017
3018
2560
2562
2822
2766
2822
3019
3020
3021
3020
3022
2592
3023
3024
3025
2567
3014
3021
3019
3026
3027
3028
3029
3029
3030
2587
3031
3032
3033
2574
3033
3034
2981
2982
2983
3032
2577
3035
3036
2580
3037
2587
3032
2588
3038
2583
3038
3039
3040
3039
2594
3037
2985
3041
3042
2591
3031
3028
3043
3044
3027
3045
3045
3046
2596
3047
2727
2790
3048
2796
2602
2825
3047
3049
3050
3049
3051
2719
3052
2796
3053
3048
3054
2799
3054
2966
3056
3057
3058
2648
3059
3059
3060
3061
3062
2614
2618
3063
3062
2620
3064
3064
3065
3066
3067
2931
3068
3068
3069
3070
3071
2623
3069
3071
3072
3073
3074
3075
2659
3075
3076
3076
3077
3078
3079
3068
3080
3078
3080
3064
3074
3081
3082
3083
3084
3085
2635
3085
3086
2637
3087
3088
2639
2646
3089
2641
3090
2723
3091
2701
3092
3092
3093
3093
3094
3095
3096
3092
3097
2648
3098
3099
3100
3101
3102
3103
3103
3104
2655
2940
3105
3105
3106
3107
3108
3100
3109
3110
3111
3112
3113
2962
3113
3114
2970
3114
3077
3115
2912
3116
2705
3117
2701
3118
3099
3119
3120
3119
3121
3122
3121
3123
3124
2671
2682
3125
3126
3127
2678
2675
2676
2691
3125
3125
3128
3129
2683
3130
2681
3131
3132
2687
3133
2683
3134
3135
2686
3136
3134
3137
3138
2689
3137
3139
3140
3141
3142
3143
2692
3136
3144
3131
3145
2696
3146
2707
3147
2721
3148
2699
3149
2721
3150
3151
2703
3152
3153
2703
3154
3155
2705
2715
3156
3157
2750
2763
3142
3158
2709
3159
3160
3138
3147
3117
3161
3094
3162
3163
3164
2714
3164
3165
2716
3161
3166
2725
3166
2719
3051
3167
2725
3166
3168
3169
3047
3051
3170
3171
3095
3172
2730
3173
3172
3174
3175
3175
3176
3052
3176
3177
3178
3178
3179
3179
2956
3177
3108
3179
2956
3180
3181
3182
2958
3182
3183
3184
2740
3174
3181
3165
3185
2741
3185
3186
3163
3186
2742
2770
3187
3190
3191
2746
2963
2964
3192
3193
3192
3194
3195
3196
2992
2751
3197
3198
3199
2755
3200
3199
3201
2755
3202
3203
3204
2758
2759
3205
2762
2760
3206
3000
3201
3207
3208
3208
3209
3145
3158
3148
3207
3210
2766
3020
3211
3212
3213
3214
3215
2769
3216
3214
3217
2798
3217
2773
3187
2774
3218
3219
3220
3221
3222
3223
3224
3225
3224
3226
3227
2780
3228
3229
2783
3230
3229
3231
2828
3232
2815
3232
3233
3234
3235
2788
3236
3224
3237
3233
3238
3239
3240
3053
3239
2792
3241
3242
2795
3243
3244
3242
3245
3242
3246
3247
2818
3248
3226
3185
3249
2802
3250
3251
2810
3252
3222
3253
2804
2807
3253
3254
3255
3256
3257
3258
3256
3259
3258
3260
3261
3262
3263
3264
2814
3257
3265
2813
2814
2949
2937
3257
3266
3267
3268
3268
3269
3270
2826
3270
2820
2820
2826
3271
3272
3272
3273
3274
3275
2824
3212
3276
2825
3273
3049
3277
3231
3278
3023
3279
2920
3280
3280
3281
3282
3283
3283
3284
3282
3285
2925
3286
2838
3287
2837
2840
3288
2844
3289
2841
3290
3284
3291
2843
3292
3293
3294
2844
3295
3296
2913
3297
3287
3297
3298
3299
3300
3301
3298
3302
2929
3303
3300
3303
3301
3304
3305
3306
2855
3310
3311
3313
3314
2867
3319
3320
2861
3320
3321
2859
3322
3323
2864
3324
2866
3325
3326
3327
3328
2863
3329
3330
3326
3331
3327
3331
3329
3332
3333
3318
3335
3336
3337
2877
3342
3330
3346
2873
2880
3346
3347
3348
2884
3348
3324
3349
3350
3351
3349
3351
3352
2878
3323
3343
3350
3353
3352
3354
3355
3356
3356
3357
3358
3359
2886
3358
2884
3305
3360
3350
3361
3362
3363
3363
3364
3306
3347
3359
3365
3363
3366
2892
3367
3368
3304
3365
2894
2895
3369
3370
3371
3368
3372
3367
3373
2977
3373
3374
2899
3372
3374
3379
3380
3345
3378
3379
3381
3382
3382
3383
3384
3385
3302
3384
2912
3386
3115
3386
3387
3388
3381
3389
3385
3390
3388
3390
2930
3081
3391
3392
3266
3289
3393
2916
3394
3395
3393
3396
3262
3396
3397
3398
3399
3400
2922
2923
3395
3397
3401
3288
3400
2927
3402
2929
3403
2928
3404
3405
3306
3406
3407
3408
3409
2941
3409
3410
2953
3255
3256
3411
3184
3412
3255
3413
3261
3413
2950
2960
3414
2940
3180
3414
3415
3106
3416
2957
3417
2944
2952
3418
2945
3419
3417
3420
3293
3421
3422
3420
3421
3423
3423
3424
3425
3418
3426
2951
3427
2959
3425
3417
3428
2955
3429
3430
3431
3432
3433
3411
3434
2960
3435
3436
2975
3055
3437
3110
3438
2969
3438
3439
3440
3440
3441
3441
3442
3443
3444
3444
3445
3446
3447
3387
3448
3443
3449
3445
3449
3389
3450
2976
3451
3452
3453
3454
3455
3456
3457
3454
3457
3461
3462
3463
3462
3464
3033
3463
2985
2987
2989
3461
2990
2996
3001
3030
3005
3465
3465
2995
3466
3008
3030
3202
3467
3008
3467
3468
3029
3469
3010
3470
3461
3471
3196
3465
3004
3466
3006
3007
3472
3195
3473
3016
3474
3475
3015
3022
3209
3476
3477
3478
3479
3480
3481
3482
3476
3483
3477
3484
3018
3479
3485
3035
3486
3275
3487
3488
3275
3489
3209
3490
3027
3491
3025
3492
3493
3026
3494
3482
3495
3496
3231
3497
3475
3498
3486
3499
3464
3486
3036
3464
3471
3474
3040
3040
3500
3501
3042
3499
3043
3500
3044
3502
3046
3499
3493
3503
3504
3505
3212
3239
3508
3509
3052
3053
3510
3511
3512
3513
3249
3508
3056
3520
3442
3521
3099
3522
3060
3523
3060
3524
3525
3526
3527
3101
3526
3526
3528
3529
3086
3529
3530
3067
3530
3531
3072
3528
3532
3532
3533
3109
3409
3534
3073
3534
3535
3536
3101
3535
3078
3537
3085
3538
3539
3540
3541
3542
3543
3082
3542
3544
3081
3545
3546
3083
3547
3116
3424
3111
3548
3549
3550
3551
3098
3102
3552
3552
3553
3554
3097
3122
3553
3091
3104
3107
3554
3555
3556
3117
3557
3095
3558
3559
3097
3173
3560
3561
3124
3524
3123
3103
3562
3563
3524
3564
3565
3566
3567
3567
3568
3109
3569
3567
3570
3180
3571
3572
3112
3190
3573
3113
3573
3539
3448
3539
3387
3576
3542
3577
3578
3120
3130
3579
3580
3581
3129
3581
3580
3582
3583
3584
3127
3522
3585
3586
3134
3144
3580
3129
3130
3587
3139
3588
3133
3588
3589
3590
3155
3590
3591
3139
3592
3592
3593
3594
3595
3596
3141
3589
3596
3597
3143
3598
3158
3599
3592
3199
3600
3148
3601
3602
3602
3603
3604
3167
3605
3606
3159
3605
3607
3156
3606
3608
3155
3160
3608
3556
3579
3609
3609
3610
3611
3611
3612
3613
3578
3610
3613
3614
3615
3616
3595
3615
3162
3617
3164
3618
3174
3619
3620
3175
3621
3622
3623
3624
3622
3625
3626
3512
3623
3625
3171
3511
3627
3604
3607
3178
3628
3555
3629
3630
3631
3508
3632
3182
3633
3634
3635
3636
3183
3637
3638
3639
3640
3411
3641
3642
3640
3643
3219
3640
3189
3657
3658
3659
3660
3194
3661
3193
3662
3439
3663
3664
3438
3665
3196
3472
3670
3671
3200
3671
3673
3673
3203
3672
3205
3674
3675
3676
3677
3206
3468
3677
3208
3678
3470
3678
3679
3680
3681
3681
3211
3680
3682
3488
3683
3627
3215
3684
3685
3686
3225
3687
3686
3688
3219
3689
3223
3688
3690
3691
3221
3412
3692
3254
3690
3250
3693
3693
3694
3695
3236
3696
3249
3697
3698
3699
3699
3700
3701
3279
3701
3700
3702
3703
3279
3704
3705
3235
3705
3706
3240
3243
3707
3238
3695
3708
3707
3709
3710
3708
3711
3712
3713
3714
3706
3715
3716
3717
3248
3714
3717
3247
3715
3718
3274
3513
3269
3719
3720
3252
3721
3264
3722
3723
3724
3412
3723
3725
3726
3727
3722
3727
3260
3724
3726
3728
3729
3727
3730
3731
3265
3731
3732
3732
3733
3734
3735
3736
3702
3716
3737
3704
3737
3738
3739
3704
3740
3277
3487
3741
3719
3741
3742
3743
3718
3744
3745
3742
3745
3746
3494
3740
3501
3698
3703
3747
3284
3748
3285
3398
3749
3300
3750
3299
3751
3752
3286
3750
3398
3403
3299
3753
3754
3755
3756
3757
3293
3758
3759
3292
3759
3760
3754
3761
3762
3419
3762
3763
3296
3761
3763
3426
3757
3384
3764
3383
3765
3766
3767
3383
3768
3381
3769
3359
3770
3367
3771
3358
3772
3773
3312
3775
3776
3313
3781
3782
3311
3315
3785
3316
3786
3787
3788
3789
3314
3790
3788
3791
3786
3791
3792
3793
3317
3794
3775
3795
3333
3797
3322
3798
3799
3798
3800
3328
3338
3801
3802
3803
3803
3804
3805
3806
3335
3807
3808
3809
3810
3802
3811
3808
3812
3810
3813
3813
3814
3805
3815
3816
3817
3810
3818
3335
3793
3819
3820
3340
3799
3821
3780
3822
3823
3339
3824
3819
3826
3827
3828
3342
3344
3832
3353
3364
3828
3833
3833
3834
3834
3835
3357
3814
3836
3355
3837
3806
3838
3839
3838
3840
3804
3841
3354
3842
3833
3843
3844
3838
3845
3846
3847
3848
3837
3849
3850
3839
3850
3851
3851
3852
3853
3854
3855
3856
3366
3857
3371
3858
3859
3371
3860
3370
3832
3861
3855
3862
3863
3861
3864
3859
3865
3456
3864
3380
3451
3866
3437
3866
3867
3867
3868
3869
3869
3870
3871
3872
3872
3873
3874
3865
3875
3876
3877
3386
3878
3879
3880
3445
3881
3390
3882
3883
3392
3879
3884
3422
3764
3756
3885
3886
3887
3755
3888
3886
3889
3399
3890
3891
3400
3891
3748
3888
3892
3405
3890
3893
3893
3894
3406
3895
3896
3895
3897
3898
3899
3770
3894
3898
3410
3427
3546
3900
3416
3901
3902
3641
3428
3730
3415
3903
3904
3905
3905
3906
3433
3428
3907
3908
3909
3908
3910
3911
3912
3911
3913
3914
3915
3547
3916
3435
3917
3736
3907
3905
3917
3918
3725
3919
3920
3920
3921
3922
3432
3919
3923
3924
3925
3910
3926
3902
3923
3927
3915
3928
3903
3922
3929
3930
3931
3447
3932
3446
3933
3934
3452
3935
3452
3936
3446
3937
3938
3939
3448
3940
3941
3450
3942
3454
3943
3873
3944
3945
3455
3931
3946
3947
3944
3948
3873
3949
3865
3950
3795
3951
3951
3952
3953
3507
3953
3954
3958
3463
3958
3959
3467
3675
3473
3960
3470
3473
3961
3483
3959
3962
3962
3963
3484
3498
3478
3964
3963
3965
3966
3963
3482
3493
3489
3966
3961
3967
3961
3486
3505
3495
3968
3489
3490
3969
3966
3970
3492
3496
3971
3972
3973
3972
3495
3974
3503
3975
3502
3703
3975
3962
3505
3976
3976
3977
3976
3978
3504
3972
3978
3983
3984
3984
3985
3986
3743
3987
3988
3512
3987
3989
3624
3988
3990
3989
3991
3520
3993
3868
3992
3994
3994
3995
3996
3870
3995
3997
3996
4001
4002
3999
4001
4003
4004
4005
4004
4006
3585
3525
3585
3525
4007
4008
4007
4008
4009
4010
4011
4012
4013
4014
4009
4015
3900
4016
3536
4012
4016
3900
4017
4018
4019
4014
4018
3538
3543
4011
4020
4021
4022
4022
4023
4024
4023
4025
4026
4026
4027
4028
4027
4029
4030
4016
4028
4031
4031
4032
4030
4032
3549
4033
4034
3550
4020
4035
4036
4013
4036
3586
4037
3584
4038
4038
4039
4038
4040
3557
3561
4041
4042
3559
4041
4043
3560
4044
4045
4046
3583
4045
3563
4047
4048
4008
4049
3565
4037
4050
3566
4047
4039
4051
4052
4052
4053
4054
3572
4054
4055
3571
4056
4057
3636
4058
4048
4059
4060
4061
4062
4063
3657
4063
4064
4025
4065
4066
3884
3916
4067
4042
4068
4069
4070
4069
3584
3586
4069
3591
4070
4071
4071
3595
3611
4072
3594
3599
4072
3603
4071
4073
3598
3669
4073
3599
3670
3614
3601
4074
4075
3679
4076
3616
4076
3614
4077
3682
4078
4079
4080
4080
4081
4078
4079
4082
4083
4070
4084
4084
4085
4083
3622
4081
4086
4085
4086
4075
4082
4078
3618
4068
4087
4043
4088
3620
3643
4089
3621
4088
3642
4090
4087
4091
4092
4079
4093
4091
4094
3631
4094
4095
3683
3746
3630
4044
4096
3635
4040
4046
4089
4097
3632
4090
3990
4098
3638
3925
4099
3635
4096
4099
4058
3924
4100
3639
4097
4101
3927
4101
4102
4103
4104
4102
4105
3643
4106
4107
3980
4113
4114
3646
4114
4115
3982
4116
3652
4113
4118
3649
3653
4115
4118
4120
3651
4122
4123
4119
4124
4123
4125
4126
4127
4128
4129
4130
4110
4111
4135
3658
4003
4136
4137
4138
4139
4140
3667
4139
4141
4138
4141
3662
4061
4142
3664
4143
3665
3932
4144
4144
4145
3940
4142
4148
4149
3668
4150
4151
4152
3670
4153
3672
4153
3674
4074
4154
4155
3676
3960
3960
4154
3967
4154
4155
3970
3964
3970
3683
4156
3686
4157
3687
3689
4158
4158
4157
4159
3694
4160
4161
4162
4163
4164
3692
4104
4162
4164
4165
4163
3696
4166
3707
4159
3720
4161
4166
3977
4167
4167
4168
4168
4169
4170
4171
4172
4173
4170
3747
3709
3713
3709
4174
3711
3986
3991
4174
4175
3714
4176
4177
4175
4172
4178
4176
4178
4177
4177
4179
4106
4180
3724
3729
3729
4181
4163
4182
4182
4183
4184
4183
4185
3733
4183
4184
4184
4186
4187
4181
4181
4188
3735
4187
4189
3885
4190
3757
4191
3738
4173
4178
4192
3740
4179
3974
4179
4193
4193
4194
3744
4194
4195
3968
3969
4156
4196
3971
4171
3749
3752
3891
4197
4198
4199
4199
4200
4201
3760
4200
3758
4202
4203
3760
4204
3756
4204
4205
4206
3913
4207
4207
4208
4209
4206
4210
3912
4208
3909
4210
4203
4211
3766
3876
4212
4201
4202
3768
4198
4213
3771
4214
3877
4212
4215
3848
4213
4216
4217
3773
3849
4218
3836
3899
3784
3790
4219
3786
4220
4220
4221
3956
4224
4225
4225
4226
4227
3824
4226
4228
4228
4230
4231
4232
3784
4233
4234
3792
4229
4232
4235
3825
4236
4237
4238
3789
3794
4239
4240
4241
4236
4242
4234
4243
4234
4244
4240
4245
4237
4245
3796
4246
4247
4248
4249
4250
3820
4229
4251
3802
4252
4253
4254
3801
3823
4255
3824
4256
4257
4254
4258
3806
4258
3814
4259
4260
3809
4261
4262
3819
4261
3815
4263
4264
3812
3815
4257
4261
4265
3816
4266
4267
4268
4266
3818
4269
4251
4269
4270
4245
4271
3822
4272
4273
4274
4275
4228
4276
4277
3826
3829
4270
4278
4273
4279
4254
4280
4227
4250
3835
3997
4281
4273
4274
4282
3855
4283
4284
4283
4285
3870
4286
4287
4288
4288
4289
4290
3840
4291
4292
4293
4292
4294
4295
3856
4291
4296
4295
4296
4297
4289
4298
4299
3846
4290
4299
4300
4301
3852
4218
4302
4302
4303
4288
4304
4305
4306
4306
4307
4308
4309
3854
4309
4310
4311
4312
4313
4312
4314
4216
4303
4315
3863
4311
4315
3860
4316
3864
4317
3871
4318
3863
4313
4319
4320
4321
4322
4323
4324
4325
4326
4327
4328
4326
4329
4330
4283
4331
4323
4332
4333
4215
4334
4335
4322
4334
4336
4214
4337
3878
4211
4338
4339
4066
4338
3881
4065
4340
4341
4342
4335
4343
4344
4339
4341
4343
4345
4346
3889
4347
4348
3888
4349
4350
4187
4348
4351
4352
4352
4351
4353
4354
4352
4355
4355
4356
4357
4358
4359
4360
4358
4361
4357
4362
4359
4363
4364
4031
4364
4365
4105
4185
3904
4100
4053
4366
4367
4055
4367
4368
3909
4369
3912
4370
4371
3915
4372
4345
4373
4374
4203
4375
3916
4345
4376
4377
4378
4032
4379
3926
4186
4369
4380
4381
4381
4382
3926
4382
4383
4384
4385
4380
4386
4387
4388
4386
4388
4389
4386
4390
3929
4379
4391
4385
4392
4005
4325
4393
4324
4393
4394
4395
3934
3939
4394
4396
4397
3945
4006
4397
3942
4398
4399
3938
4399
4400
4342
4401
4400
4402
4402
4403
4340
4403
4404
3943
4401
3947
4344
4324
4405
3946
4398
4406
4407
3948
4408
4407
4409
4321
4333
4410
4322
4410
4411
4248
4412
4249
4413
4414
4415
4415
4416
3957
4116
4417
4413
4418
4418
4419
3959
3967
4420
3966
4420
4193
4156
4420
3973
4421
3974
3978
4422
4423
4424
4425
4423
4426
4426
4427
3983
4427
4428
4429
4430
4431
4414
4419
4431
4098
4180
4092
4195
4093
4196
4195
4432
4094
4433
4175
4432
3993
4148
4147
4434
4435
4436
4437
4438
4435
4439
4440
4000
4440
4441
4062
4149
4002
4443
4444
4445
4439
4446
4140
4445
4447
4434
4447
4448
4449
4050
4450
4451
4019
4450
4451
4035
4452
4014
4452
4015
4453
4454
4455
4364
4018
4364
4456
4457
4049
4457
4035
4458
4024
4458
4459
4404
4460
4461
4462
4461
4463
4462
4464
4029
4067
4459
4465
4452
4465
4466
4467
4378
4468
4469
4468
4470
4471
4060
4470
4472
4473
4471
4474
4039
4056
4045
4475
4084
4475
4476
4477
4476
4478
4478
4050
4479
4479
4480
4450
4480
4052
4481
4057
4482
4483
4481
4484
4484
4485
4058
4482
4486
4456
4485
4487
4460
4488
4143
4488
4146
4489
4489
4490
4490
4491
4492
4493
4346
4494
4464
4467
4477
4495
4073
4155
4496
4077
4496
4077
4082
4091
4085
4495
4095
4495
4497
4498
4497
4499
4498
4500
4093
4498
4478
4501
4499
4502
4433
4503
4486
4501
4387
4482
4390
4502
4165
4504
4104
4165
4505
4107
4504
4506
4500
4507
4505
4507
4109
4152
4508
4509
4510
4513
4514
4117
4424
4222
4417
4515
4516
4517
4518
4519
4520
4521
4522
4523
4125
4513
4524
4525
4120
4526
4524
4527
4122
4510
4512
4528
4529
4524
4530
4508
4528
4531
4532
4533
4130
4535
4536
4515
4521
4536
4537
4538
4131
4539
4540
4540
4541
4526
4542
4511
4537
4543
4543
4544
4545
4534
4542
4544
4514
4546
4547
4548
4140
4489
4549
4491
4550
4547
4551
4552
4551
4553
4144
4554
4555
4556
4556
4557
4149
4558
4148
4559
4560
4560
4547
4561
4553
4562
4562
4563
4496
4158
4160
4564
4565
4564
4566
4565
4566
4565
4564
4567
4170
4171
4173
4422
4421
4568
4568
4567
4192
4503
4567
4506
4569
4570
4506
4569
4570
4571
4189
4571
4190
4191
4572
4573
4574
4568
4196
4199
4200
4575
4356
4576
4576
4209
4577
4578
4579
4580
4581
4205
4582
4206
4583
4584
4585
4586
4210
4587
4588
4589
4590
4338
4581
4579
4591
4356
4592
4577
4593
4591
4594
4592
4595
4593
4595
4596
4308
4363
4235
4597
4247
4598
4243
4599
4224
4600
4538
4600
4601
4602
4603
4604
4605
4277
4604
4278
4606
4607
4608
4274
4601
4233
4609
4240
4609
4610
4611
4612
4613
4250
4614
4270
4615
4244
4616
4617
4242
4617
4618
4619
4244
4620
4621
4614
4621
4597
4622
4612
4623
4248
4249
4624
4625
4626
4627
4606
4608
4628
4629
4630
4631
4630
4632
4633
4632
4256
4631
4634
4265
4635
4629
4636
4294
4637
4267
4268
4638
4290
4638
4639
4640
4641
4642
4643
4644
4645
4646
4266
4269
4644
4640
4647
4648
4301
4648
4646
4649
4650
4651
4623
4628
4642
4275
4633
4652
4653
4654
4655
4656
4634
4656
4657
4278
4658
4659
4281
4653
4660
4284
4660
4661
4662
4663
4511
4664
4665
4666
4285
4297
4286
4667
4662
4668
4669
4670
4670
4305
4671
4293
4307
4672
4673
4674
4673
4675
4676
4677
4674
4678
4672
4679
4661
4680
4681
4682
4675
4683
4683
4684
4638
4684
4362
4685
4592
4685
4306
4308
4686
4675
4687
4688
4310
4689
4690
4691
4692
4312
4693
4694
4695
4694
4314
4696
4694
4697
4695
4698
4322
4596
4699
4320
4321
4699
4319
4321
4331
4320
4700
4701
4326
4702
4703
4327
4704
4705
4434
4706
4329
4436
4706
4330
4707
4437
4708
4332
4709
4333
4710
4405
4711
4712
4713
4714
4337
4596
4711
4593
4715
4716
4594
4716
4717
4718
4492
4719
4720
4721
4713
4722
4723
4724
4725
4464
4726
4572
4583
4727
4728
4350
4728
4354
4582
4361
4729
4575
4361
4730
4357
4731
4732
4733
4360
4734
4669
4735
4736
4737
4363
4738
4739
4368
4456
4740
4367
4392
4483
4741
4485
4742
4574
4743
4372
4744
4745
4743
4744
4746
4377
4389
4374
4747
4748
4745
4749
4747
4750
4751
4752
4753
4754
4391
4752
4467
4754
4741
4755
4569
4384
4570
4389
4756
4387
4756
4486
4757
4504
4756
4758
4741
4759
4760
4402
4761
4761
4762
4763
4764
4764
4765
4407
4765
4401
4766
4766
4767
4723
4768
4554
4769
4717
4770
4771
4772
4449
4759
4773
4774
4409
4411
4724
4772
4775
4699
4776
4712
4776
4415
4777
4627
4778
4778
4779
4779
4430
4780
4602
4781
4602
4782
4522
4782
4422
4516
4783
4532
4784
4783
4785
4518
4786
4429
4518
4431
4522
4787
4788
4789
4789
4433
4790
4444
4791
4437
4792
4793
4439
4440
4794
4795
4796
4511
4796
4797
4443
4545
4548
4446
4797
4560
4798
4799
4800
4799
4801
4802
4803
4764
4804
4803
4805
4806
4807
4454
4455
4808
4809
4810
4806
4811
4810
4811
4472
4473
4466
4812
4463
4770
4466
4813
4493
4814
4472
4815
4816
4469
4817
4818
4819
4469
4820
4821
4822
4823
4824
4825
4826
4827
4808
4826
4828
4477
4497
4481
4487
4484
4811
4829
4830
4831
4832
4833
4494
4834
4717
4835
4716
4836
4505
4503
4502
4566
4837
4838
4839
4528
4839
4840
4841
4842
4843
4781
4844
4532
4845
4519
4525
4846
4847
4520
4848
4525
4849
4523
4850
4851
4781
4852
4853
4854
4527
4855
4535
4856
4857
4530
4841
4858
4533
4859
4837
4855
4860
4861
4842
4862
4561
4837
4540
4863
4844
4864
4664
4865
4541
4866
4865
4867
4868
4869
4870
4871
4855
4867
4865
4872
4867
4873
4872
4873
4784
4874
4875
4799
4876
4550
4552
4831
4833
4877
4878
4879
4880
4881
4882
4830
4883
4557
4829
4762
4884
4885
4886
4831
4888
4889
4790
4890
4891
4891
4563
4875
4838
4892
4837
4893
4574
4573
4584
4894
4895
4729
4731
4577
4732
4896
4580
4589
4897
4581
4898
4586
4899
4900
4901
4902
4584
4902
4903
4587
4750
4904
4589
4904
4590
4749
4901
4905
4906
4906
4746
4903
4715
4907
4908
4909
4713
4910
4911
4912
4913
4914
4599
4616
4915
4622
4916
4603
4871
4607
4654
4917
4918
4919
4918
4920
4606
4627
4921
4922
4918
4923
4924
4924
4925
4613
4926
4612
4926
4927
4928
4914
4929
4930
4623
4930
4931
4928
4932
4621
4933
4624
4933
4934
4620
4623
4925
4927
4935
4935
4928
4936
4626
4937
4915
4938
4939
4939
4940
4941
4942
4943
4647
4944
4945
4946
4647
4947
4677
4948
4946
4949
4947
4950
4658
4950
4951
4637
4649
4944
4639
4676
4952
4952
4953
4643
4951
4645
4954
4955
4955
4956
4957
4958
4959
4960
4954
4959
4960
4961
4962
4960
4963
4952
4964
4942
4959
4965
4659
4931
4951
4949
4966
4967
4665
4967
4866
4968
4968
4969
4970
4971
4972
4923
4972
4973
4659
4974
4975
4662
4976
4948
4977
4978
4665
4796
4979
4866
4980
4981
4667
4696
4982
4680
4983
4708
4978
4983
4984
4671
4985
4681
4986
4674
4987
4953
4988
4989
4990
4953
4991
4678
4945
4948
4992
4680
4697
4993
4994
4995
4683
4996
4997
4998
4999
4691
5000
4690
4985
5001
4688
4990
5002
5001
5003
4693
5003
5004
5005
5006
4695
5007
5006
5007
5008
5008
5009
5010
5011
4697
5012
5010
4701
4911
5013
5014
4709
5012
5015
5014
5015
4703
4705
5016
4760
5017
4705
4760
5018
4707
5018
5019
5018
5020
5020
5021
4710
4982
4771
5016
4715
5022
4714
5023
5024
4724
5025
5026
5027
5028
4720
4769
5028
4721
4722
5029
4767
5030
5030
5031
5031
5032
5031
5033
5034
4726
4748
4753
5035
5036
4728
4902
4905
5037
4901
4905
4732
5038
5039
4734
5040
5041
4736
4737
4739
4984
5042
5042
5043
4739
5041
5044
5005
4742
4821
5045
5046
5046
4757
4895
4757
5047
5047
5048
5049
5050
5051
5052
5052
5053
5050
5051
5051
5054
4900
5055
5056
4758
5048
5053
5057
5058
5059
4820
5046
5060
5060
4803
5061
5061
4763
5062
5063
5064
5065
4766
5066
5067
4768
5068
4769
5069
5070
4830
5071
5017
5072
4776
5072
4774
4805
5073
5074
5075
5034
5074
5076
5077
4940
5078
5079
4782
5080
4780
5079
4789
5081
5082
5083
4786
5084
4785
5085
5086
5087
4788
5088
5089
4847
5090
5088
5019
5091
4792
4798
5092
5019
5093
4794
5021
5093
5094
5095
4801
5092
5095
5096
4872
5097
4891
5098
5099
4881
5098
5099
5099
5100
5101
5102
5101
4805
5103
5104
5105
4810
4809
4817
4827
5106
5106
5107
5108
5108
4817
4827
5109
5110
5111
5112
4816
4835
5111
4825
5071
5112
5035
5113
5114
4819
5109
5110
5058
5113
4821
5059
5114
4824
5115
5116
4829
5116
4828
5115
5117
5117
5118
5118
5119
5120
5121
4832
4833
4887
5122
4835
5123
5124
5125
5027
5036
5123
5126
5127
5128
5127
5129
4842
5129
5130
4874
5130
4871
5131
4846
4861
5084
5132
5133
4848
5087
5134
5135
4850
5135
5136
4864
5137
4852
5089
5138
5137
5139
4854
4856
4859
5133
5140
5141
4863
5142
4858
5128
5143
5144
5145
5144
5146
5141
5143
5147
4862
5085
5146
5148
5140
5149
5136
5150
5151
5152
5153
4869
5154
5155
5156
5157
5156
5158
5159
5159
5160
4876
5161
5162
5163
4876
5164
5165
4879
4880
5122
4882
5166
5167
4880
5167
5168
5168
5169
5170
5171
4884
5070
5172
5063
5173
5174
5120
5173
5174
4888
5175
5177
4891
5169
5177
5091
5176
4893
5170
5178
5147
5179
4895
5049
4897
4909
5180
5181
5182
4899
4907
5183
5181
5184
5027
5183
5185
5185
5049
5186
5054
5187
5188
5187
5189
4910
5026
5039
5190
5191
4912
5192
5193
5194
4913
5195
5191
5196
5014
5022
4936
5197
5198
5199
5198
5200
5082
5083
5201
5202
5201
5203
5204
4921
4974
5205
4922
5206
4929
4975
5202
5207
4943
4927
4943
5208
5209
5210
5208
5211
5212
4935
5213
4956
5213
4933
5199
5214
5215
5211
5216
5217
5218
5208
5219
4941
5217
5220
5221
5222
5199
5223
5220
5223
5080
5206
4955
5224
5225
4991
5226
4991
5227
4971
5228
4971
5229
5230
5230
5231
5232
5233
4958
5234
5235
5236
5237
5238
4958
5239
4962
5240
5241
5242
5243
5244
4964
5237
5245
5226
5246
4998
5244
5247
5248
5243
5249
4969
5250
5251
4976
5251
5152
5207
5252
5253
4972
5207
5254
5255
5256
5205
5233
5257
4975
5233
5212
4977
5258
5230
5259
5258
5260
4981
5261
5262
5152
5253
5263
5251
5253
5012
5264
4994
5264
5265
5265
5266
4995
5002
5266
4993
5004
5267
4989
5235
5268
5267
5269
5268
5270
5271
5269
5272
5273
5274
5275
5259
5276
5277
4997
5277
5270
5278
5279
5234
5278
5279
5044
5190
5280
5281
5282
5281
5283
5282
5284
5009
5285
5265
5286
5286
5287
5280
5288
5287
5289
5274
5290
5274
5291
5013
5288
5292
5293
5195
5294
5077
5295
5296
5017
5297
5298
5299
5300
5297
5301
5302
5303
5023
5304
5077
5305
5032
5193
5306
5306
5307
5308
5192
5309
5194
5125
5310
5124
5311
5312
5312
5313
5314
5311
5315
5067
5314
5316
5307
5317
5318
5319
5055
5319
5038
5043
5188
5039
5040
5180
5043
5320
5042
5320
5321
5322
5107
5114
5050
5053
5055
5184
5183
5184
5058
5318
5323
5060
5323
5298
5324
5064
5069
5325
5325
5326
5327
5328
5066
5104
5328
5067
5075
5329
5069
5313
5329
5330
5330
5331
5332
5333
5076
5296
5074
5334
5335
5317
5104
5316
5335
5336
5296
5222
5337
5338
5339
5338
5340
5339
5341
5342
5139
5343
5138
5340
5086
5344
5086
5345
5346
5347
5348
5349
5350
5351
5352
5348
5349
5102
5353
5098
5354
5354
5355
5096
5356
5357
5354
5357
5262
5358
5100
5160
5358
5169
5359
5360
5361
5362
5363
5364
5105
5365
5366
5362
5367
5118
5108
5368
5369
5368
5370
5370
5371
5372
5373
5318
5370
5369
5119
5374
5374
5119
5373
5375
5121
5376
5172
5333
5175
5377
5319
5378
5378
5379
5379
5380
5178
5381
5382
5382
5383
5145
5384
5384
5385
5159
5386
5387
5134
5344
5388
5146
5388
5347
5389
5352
5389
5140
5390
5352
5391
5139
5392
5393
5394
5142
5395
5396
5397
5396
5398
5396
5399
5382
5400
5401
5402
5403
5345
5385
5404
5157
5397
5405
5386
5391
5406
5155
5263
5407
5158
5154
5395
5408
5409
5410
5409
5411
5411
5412
5410
5413
5414
5415
5204
5407
5416
5165
5408
5416
5417
5345
5385
5417
5165
5166
5179
5418
5419
5420
5421
5422
5423
5424
5425
5420
5426
5426
5427
5173
5428
5429
5430
5431
5433
5434
5177
5435
5436
5437
5438
5420
5439
5182
5191
5192
5189
5194
5186
5187
5189
5321
5440
5440
5441
5442
5443
5443
5196
5444
5445
5446
5447
5221
5448
5449
5219
5450
5451
5343
5452
5203
5205
5453
5454
5387
5454
5453
5455
5456
5414
5457
5457
5458
5459
5225
5459
5460
5455
5461
5213
5461
5462
5215
5449
5463
5216
5464
5465
5466
5455
5466
5460
5462
5464
5447
5467
5338
5468
5469
5223
5470
5471
5225
5238
5472
5473
5248
5474
5271
5272
5475
5255
5475
5476
5232
5246
5477
5273
5250
5476
5478
5242
5479
5479
5247
5480
5480
5481
5482
5483
5484
5241
5484
5483
5485
5462
5485
5486
5242
5246
5487
5248
5488
5489
5482
5490
5245
5490
5491
5492
5493
5492
5494
5495
5472
5496
5252
5497
5498
5499
5500
5501
5500
5502
5503
5477
5504
5502
5504
5505
5479
5505
5506
5259
5507
5508
5261
5303
5507
5498
5509
5509
5510
5415
5501
5297
5511
5281
5285
5512
5284
5513
5512
5514
5283
5515
5474
5481
5514
5516
5478
5517
5518
5276
5519
5520
5508
5521
5283
5515
5492
5322
5522
5287
5285
5322
5522
5523
5290
5523
5518
5292
5293
5518
5523
5524
5525
5526
5295
5524
5527
5526
5528
5528
5529
5335
5530
5301
5324
5531
5353
5355
5531
5529
5532
5532
5533
5534
5356
5533
5305
5309
5444
5308
5535
5536
5537
5538
5539
5537
5540
5441
5442
5331
5332
5380
5541
5542
5379
5543
5544
5545
5544
5546
5536
5542
5546
5317
5547
5548
5321
5369
5530
5549
5330
5550
5429
5550
5551
5552
5329
5551
5544
5553
5428
5554
5372
5555
5376
5555
5367
5556
5557
5558
5528
5539
5559
5560
5561
5562
5561
5562
5452
5563
5350
5564
5565
5564
5566
5387
5567
5347
5568
5569
5568
5569
5570
5571
5571
5572
5351
5572
5565
5573
5573
5364
5574
5575
5534
5576
5509
5577
5361
5578
5361
5579
5360
5418
5423
5580
5581
5582
5583
5364
5549
5584
5585
5366
5367
5586
5587
5588
5589
5375
5372
5380
5375
5376
5590
5591
5422
5592
5541
5593
5593
5383
5437
5594
5595
5398
5596
5597
5597
5412
5598
5598
5599
5600
5601
5602
5394
5406
5601
5393
5603
5563
5565
5604
5567
5605
5405
5599
5403
5606
5607
5606
5608
5402
5609
5401
5610
5611
5611
5612
5613
5404
5600
5437
5614
5439
5614
5615
5616
5617
5618
5617
5619
5579
5620
5439
5621
5620
5622
5606
5623
5415
5624
5413
5625
5617
5626
5454
5627
5628
5580
5621
5629
5630
5419
5580
5421
5631
5631
5423
5632
5427
5633
5634
5425
5434
5635
5436
5636
5438
5637
5638
5555
5639
5431
5640
5591
5433
5642
5643
5592
5644
5436
5644
5436
5641
5645
5646
5647
5648
5445
5446
5537
5541
5446
5527
5522
5649
5650
5451
5651
5652
5471
5652
5650
5653
5654
5655
5456
5656
5456
5657
5658
5659
5660
5467
5661
5662
5663
5664
5665
5485
5665
5666
5667
5666
5464
5661
5668
5465
5666
5669
5468
5670
5655
5663
5471
5671
5651
5672
5560
5672
5673
5673
5473
5674
5664
5495
5675
5516
5675
5676
5677
5493
5678
5677
5679
5667
5513
5680
5514
5680
5496
5681
5674
5682
5488
5681
5683
5489
5666
5684
5685
5686
5687
5685
5667
5687
5491
5681
5675
5688
5495
5680
5674
5689
5690
5691
5507
5691
5690
5692
5693
5676
5693
5510
5692
5694
5695
5627
5695
5696
5678
5694
5678
5697
5657
5697
5698
5699
5517
5699
5700
5579
5701
5521
5525
5702
5520
5515
5677
5520
5679
5703
5521
5703
5704
5526
5703
5705
5705
5535
5535
5530
5702
5706
5549
5707
5707
5708
5709
5710
5707
5711
5540
5538
5548
5712
5540
5713
5714
5545
5714
5715
5716
5553
5716
5547
5717
5548
5587
5556
5718
5552
5719
5588
5720
5721
5554
5719
5639
5715
5587
5712
5558
5722
5723
5559
5706
5713
5724
5725
5726
5566
5727
5563
5728
5729
5730
5731
5732
5733
5598
5734
5735
5736
5615
5737
5737
5738
5739
5740
5740
5741
5602
5742
5576
5645
5743
5576
5636
5744
5711
5578
5710
5745
5744
5746
5747
5748
5582
5634
5749
5746
5750
5584
5589
5751
5718
5752
5743
5752
5588
5753
5754
5722
5591
5643
5755
5715
5596
5756
5596
5613
5757
5612
5758
5759
5601
5760
5736
5760
5761
5740
5762
5619
5763
5764
5729
5765
5766
5734
5763
5765
5767
5608
5609
5610
5618
5768
5769
5770
5771
5772
5616
5771
5616
5773
5757
5774
5775
5776
5736
5777
5778
5779
5772
5780
5781
5782
5621
5783
5748
5623
5784
5785
5786
5787
5625
5628
5785
5788
5789
5779
5786
5788
5658
5790
5790
5791
5758
5792
5737
5792
5648
5793
5633
5793
5794
5638
5795
5635
5794
5796
5797
5645
5797
5638
5793
5798
5640
5719
5799
5800
5800
5801
5802
5800
5803
5799
5647
5776
5805
5798
5806
5748
5807
5663
5808
5809
5810
5811
5668
5812
5654
5813
5810
5814
5815
5816
5729
5817
5818
5660
5819
5819
5820
5660
5670
5698
5818
5665
5815
5664
5821
5822
5823
5824
5698
5815
5825
5825
5826
5827
5827
5828
5673
5828
5829
5725
5811
5812
5830
5694
5688
5689
5683
5685
5831
5684
5832
5687
5826
5688
5833
5834
5835
5836
5700
5835
5701
5791
5837
5838
5790
5837
5833
5838
5834
5709
5835
5745
5836
5836
5839
5708
5840
5708
5709
5724
5840
5841
5842
5843
5844
5845
5846
5845
5847
5723
5723
5717
5717
5720
5753
5841
5842
5721
5721
5754
5841
5840
5727
5829
5728
5733
5829
5848
5848
5741
5849
5732
5849
5850
5766
5851
5850
5759
5817
5738
5739
5852
5853
5854
5855
5856
5857
5858
5762
5764
5851
5804
5859
5845
5860
5846
5861
5860
5862
5750
5783
5839
5863
5863
5864
5865
5862
5865
5752
5859
5754
5795
5802
5803
5805
5866
5769
5867
5773
5789
5820
5772
5868
5762
5782
5868
5857
5869
5870
5782
5871
5817
5872
5872
5873
5768
5775
5787
5770
5874
5771
5875
5775
5876
5877
5878
5879
5880
5879
5881
5882
5882
5883
5854
5884
5885
5877
5880
5884
5781
5886
5874
5878
5886
5869
5887
5888
5784
5889
5890
5891
5892
5893
5893
5894
5894
5895
5893
5896
5896
5897
5897
5837
5892
5898
5899
5900
5864
5901
5901
5803
5901
5902
5860
5902
5903
5804
5904
5905
5802
5905
5905
5806
5906
5863
5883
5900
5809
5907
5813
5812
5908
5909
5816
5909
5910
5822
5911
5912
5912
5913
5838
5914
5897
5914
5823
5915
5907
5915
5824
5830
5832
5910
5908
5916
5917
5918
5917
5919
5919
5920
5920
5831
5832
5918
5834
5917
5844
5921
5891
5921
5843
5922
5847
5922
5922
5846
5859
5873
5913
5923
5873
5871
5923
5853
5856
5924
5868
5885
5855
5898
5924
5857
5925
5858
5923
5925
5862
5921
5889
5900
5889
5867
5906
5926
5875
5881
5927
5896
5871
5872
5928
5928
5929
5930
5876
5931
5929
5932
5931
5933
5927
5933
5934
5934
5935
5926
5936
5932
5937
5903
5937
5935
5938
5924
5939
5887
5930
5888
5927
5890
5895
5892
5930
5937
5935
5903
5904
5905
5932
5909
5919
5911
5916
5915
5914
5940
5920
5940
5918
5939
5940
5941
5936
5941
5938
5941
5936
5939
)


// ************************************************************************* //
