/*--------------------------------*- C++ -*----------------------------------*\
  =========                 |
  \\      /  F ield         | OpenFOAM: The Open Source CFD Toolbox
   \\    /   O peration     | Website:  https://openfoam.org
    \\  /    A nd           | Version:  7
     \\/     M anipulation  |
\*---------------------------------------------------------------------------*/
FoamFile
{
    version     2.0;
    format      ascii;
    class       vectorField;
    location    "constant/solid/polyMesh";
    object      points;
}
// * * * * * * * * * * * * * * * * * * * * * * * * * * * * * * * * * * * * * //


1415
(
(0.0004 0.0342976675592 0.05115)
(0.000348679474583 0.0342982343026 0.0509545468211)
(0.00053880730575 0.0342957677664 0.0509922264959)
(0.0004 0.0342976675592 0.05495)
(0.00034867943853 0.034298234303 0.0547545467565)
(0.000561073858889 0.0342954107152 0.0548245912491)
(0.000195683778495 0.0342994319937 0.0514985508092)
(0.000197395312574 0.0342994319937 0.0516939499845)
(0.000195683861429 0.0342994319932 0.0552985507629)
(0.000197390213728 0.034299432023 0.0554970916742)
(0.000345016451888 0.0342982708861 0.0551519299578)
(0.000378257116251 0.034297914245 0.055360430052)
(0.000345016428009 0.0342982708863 0.0513519299988)
(0.000411275909573 0.0342975341989 0.0515523610782)
(0.000547384914247 0.034295631934 0.0551216721866)
(0.000558114834852 0.0342954589972 0.0512785825182)
(0.000202158130296 0.034299395413 0.050805116433)
(0.000429993995967 0.0342973046341 0.0507282526828)
(0.000202158025263 0.0342993954136 0.0546051163718)
(0.000409882382073 0.034297550881 0.0545501467254)
(0.000184741465941 0.0342995024831 0.0543929098362)
(0.000186482268863 0.0342994930628 0.050590879481)
(0.00172991548462 0.0342563482061 0.0567304969768)
(0.00106235306173 0.0342835442446 0.049517849378)
(0.000792558612269 0.0342908420842 0.0495045765539)
(0.00129825497035 0.0342754217192 0.0495178629878)
(0.000559563694417 0.0342954353883 0.0495038246519)
(0.00082638611912 0.0342900435401 0.0566835)
(0.000354345422151 0.0342981696206 0.0566835)
(0.000590379751884 0.0342949187453 0.0566835)
(0.000317996506419 0.0342985258899 0.0495084945871)
(0.00106235605848 0.0342835441518 0.0566834559282)
(0.00153411183259 0.034265675258 0.0495178852992)
(0.00174629269735 0.0342555172464 0.0494958628701)
(0.00129828474978 0.0342754205913 0.0566833589898)
(0.00153736061162 0.0342655296523 0.05670613638)
(0.000158657873218 0.0342996330546 0.0567254376719)
(0.000187516059579 0.0342994874266 0.0519447945804)
(0.000195833482569 0.0342994409466 0.0521844123018)
(0.00038988257877 0.0342977840622 0.0518179947725)
(0.000195364573311 0.0342994436206 0.0524393627766)
(0.00038771916173 0.0342978085867 0.0520655217427)
(0.000192562786014 0.0342994594647 0.0557475938303)
(0.00019571801975 0.0342994416056 0.0560025777543)
(0.000392766825073 0.034297751154 0.0556155947786)
(0.000212666633753 0.0342993407065 0.0562473389155)
(0.000398951544233 0.0342976797709 0.0558620123178)
(0.00020436861596 0.034299391153 0.0526830701406)
(0.000404388026307 0.0342976161026 0.0523067951352)
(0.000189155411339 0.034299478425 0.0541560955986)
(0.000182369793203 0.0342995151753 0.0539007264061)
(0.000392092795658 0.0342977588661 0.0542826877919)
(0.000195853067109 0.0342994408347 0.0536608485071)
(0.000389758779109 0.0342977854692 0.0540339313768)
(0.00020456174949 0.0342993900017 0.0534170089667)
(0.000405258893602 0.0342976058236 0.0537929376899)
(0.000183219824763 0.0342995106451 0.05035776838)
(0.000391164663388 0.034297769464 0.050473536586)
(0.000187170738898 0.0342994893127 0.0501238197154)
(0.000190615583024 0.0342994703414 0.0498857962117)
(0.000377338050439 0.0342979243686 0.0502291541798)
(0.000182870965784 0.0342995125069 0.0496886297436)
(0.000387015483941 0.0342978165342 0.0499949760615)
(0.000405732257166 0.0342976002271 0.0497228229184)
(0.000603679807683 0.0342946872079 0.0498755335635)
(0.000209701027633 0.034299358966 0.0529294515206)
(0.000416207028648 0.0342974747133 0.0525532229408)
(0.000209772536455 0.0342993585287 0.0531705761016)
(0.000416557487809 0.0342974704586 0.0535466561976)
(0.000415056053076 0.0342974886613 0.0561342005327)
(0.000596965163144 0.0342948047464 0.0519398764099)
(0.000610395111244 0.0342945683426 0.0516893005837)
(0.000603773932151 0.034294685551 0.0521883131049)
(0.000591890849789 0.0342948926988 0.0503436203281)
(0.000591947569703 0.0342948917198 0.0505601377713)
(0.000586505324354 0.0342949852239 0.0500953676629)
(0.000604040073571 0.0342946808644 0.055727474218)
(0.000579226348814 0.0342951089346 0.0554400907552)
(0.000594823671875 0.0342948419562 0.0559734012999)
(0.000810886159423 0.0342904135822 0.0500023157619)
(0.00078160062994 0.0342910936025 0.0502488329404)
(0.000859190112826 0.034289237267 0.0497391157391)
(0.000600086822885 0.034294750266 0.0541577116946)
(0.000616106002373 0.0342944662212 0.054411514044)
(0.000604710664051 0.0342946690466 0.0539092302473)
(0.000614657946068 0.0342944922052 0.0524336783009)
(0.000627123837336 0.0342942665134 0.0526789076725)
(0.000410860755768 0.0342975391747 0.0528020539558)
(0.000837059571952 0.034289784649 0.052545299908)
(0.000825452666705 0.0342900660235 0.0523014000274)
(0.000426224234505 0.0342973516893 0.0530499496039)
(0.000423606376909 0.0342973841224 0.0532983694555)
(0.000614013710357 0.0342945037457 0.0536640485326)
(0.000625901254186 0.0342942888484 0.053419251537)
(0.000635784551554 0.0342941070449 0.0531729572917)
(0.000836150649669 0.0342898068249 0.0535521527906)
(0.000825655898057 0.0342900611306 0.0537948495391)
(0.000640576876985 0.0342940178641 0.0529247366)
(0.0008471153146 0.0342895376995 0.0533047866079)
(0.000450389913426 0.0342970428598 0.0564326574272)
(0.000708387129483 0.0342926841713 0.056467)
(0.00061481501277 0.0342944893897 0.0562234553618)
(0.000839425132064 0.0342897268208 0.056255120725)
(0.000957413169475 0.0342866352975 0.056471620725)
(0.0012039230557 0.0342788647606 0.056481319666)
(0.000202616165136 0.03429940155 0.056502025848)
(0.00144744224458 0.0342694457345 0.056490507626)
(0.00133385613868 0.0342740547324 0.0562691804923)
(0.00168011678908 0.0342588267104 0.0565324546872)
(0.00161603629031 0.0342619092683 0.0562782525771)
(0.00108918372763 0.0342827023265 0.05625999909)
(0.000624234246431 0.0342943192323 0.0496495008462)
(0.00117343672209 0.0342799219115 0.0497662012468)
(0.00143672204878 0.0342698968448 0.0496950010685)
(0.00167586741115 0.0342590348437 0.0497198971448)
(0.00147237557165 0.0342683835361 0.0498991829236)
(0.00101117458713 0.0342850918907 0.0501511236741)
(0.00101012812084 0.0342851227383 0.0499386621319)
(0.000783477312258 0.0342910507757 0.0504899054334)
(0.000720737839224 0.0342924268165 0.0507672649103)
(0.000998967383703 0.0342854497443 0.0503676833195)
(0.000976514343309 0.0342860965952 0.0506284863385)
(0.00122131461638 0.0342782495266 0.0502716047318)
(0.00119603099415 0.0342791410316 0.0505186151488)
(0.00122029338794 0.0342782858972 0.050023733431)
(0.00146149742771 0.0342688491967 0.0560563474616)
(0.00168910074221 0.0342583849398 0.0560409514186)
(0.00121183929051 0.0342785858158 0.0560511366577)
(0.000854585876418 0.0342893523266 0.0530530267935)
(0.00143314183935 0.0342700467532 0.050395459274)
(0.00119300474999 0.0342792464863 0.0507623652111)
(0.00141124040652 0.0342709556405 0.0506431844857)
(0.000959423906887 0.0342865790911 0.0509015746133)
(0.00144691589959 0.0342694679617 0.0501429253841)
(0.000805160036996 0.0342905485129 0.0542999768741)
(0.000818811568159 0.0342902252488 0.0540374996124)
(0.000642245213547 0.0342939866607 0.054633763393)
(0.000792799127731 0.0342908365244 0.0547828929934)
(0.000731947947782 0.034292189376 0.054991722297)
(0.000836142630448 0.0342898070205 0.0545473272168)
(0.000929686427188 0.0342873983141 0.054981550015)
(0.00105564145536 0.0342837515613 0.0547184037896)
(0.000794164750687 0.0342908049242 0.0552340659172)
(0.000829040049646 0.0342899794779 0.0518048314333)
(0.000816738852267 0.0342902746803 0.052058162579)
(0.000648152477231 0.0342938755227 0.0514820668579)
(0.000811768783165 0.0342903926989 0.0513237897027)
(0.000751900017825 0.034291757703 0.0510801905811)
(0.000849171147063 0.0342894868489 0.0515663004065)
(0.000979706936874 0.0342860055171 0.0511539914445)
(0.00102265428496 0.0342847513949 0.0514001509858)
(0.00116941129566 0.0342800594693 0.0510110580676)
(0.00104716789481 0.0342840114252 0.0536828593239)
(0.00103405704927 0.0342844093725 0.0539321341711)
(0.00105562889185 0.0342837519482 0.0534333693453)
(0.00106497791286 0.0342834628071 0.0531847080904)
(0.00140596912597 0.0342711723 0.0508932048139)
(0.00167144609591 0.0342592508375 0.0505304005481)
(0.00161170317005 0.0342621133746 0.0507908263455)
(0.00165930956984 0.0342598408016 0.0502591909555)
(0.000963810486207 0.0342864560628 0.0560458107138)
(0.00109247840513 0.034282597494 0.0558318743028)
(0.000745525876762 0.0342918968733 0.0560532092127)
(0.000844904218596 0.0342895922528 0.0558263855895)
(0.00078507754288 0.0342910141765 0.0555474757269)
(0.00107461457178 0.0342831620992 0.0529352497421)
(0.00127678454212 0.0342762282236 0.0533171865924)
(0.00102158169272 0.0342847833717 0.0541793281015)
(0.00124415036611 0.0342774282855 0.0540666599682)
(0.00101874655926 0.0342848677327 0.0544288107193)
(0.00104747837609 0.0342840019404 0.0524130531695)
(0.00103369649269 0.0342844202454 0.0521637380992)
(0.00105743959891 0.0342836961469 0.0526625653789)
(0.000848286642882 0.0342895087421 0.0527947636508)
(0.00104548598317 0.034284062756 0.051646545874)
(0.00101991012394 0.0342848331386 0.0519162182057)
(0.00124307390525 0.0342774673403 0.0520279201254)
(0.00167169318611 0.0342592387816 0.0499814738968)
(0.00176669270831 0.0342544711954 0.0507203346728)
(0.00161218361194 0.034262090771 0.0510180360552)
(0.00175323925243 0.0342551624157 0.0508846776055)
(0.00137931263941 0.034272255494 0.0511411034896)
(0.00161648113575 0.0342618882833 0.0512838171402)
(0.00119564692403 0.03427915443 0.0512559064517)
(0.00123675029306 0.0342776960823 0.0543065331668)
(0.00138090813944 0.0342721912447 0.0513600467746)
(0.00122552242057 0.0342780993463 0.0514956483754)
(0.00146494963652 0.0342687017928 0.0515631884205)
(0.00124340806717 0.0342774552203 0.0517480517457)
(0.00144327285131 0.0342696215835 0.051849906232)
(0.00166638477052 0.0342594973956 0.0517371855923)
(0.00145711827328 0.0342690356785 0.0541932904127)
(0.00144597181904 0.0342695078094 0.0544429315787)
(0.00146138115497 0.0342688541553 0.0539434302208)
(0.00125589196098 0.0342770000931 0.053816801491)
(0.00100719859108 0.0342852089245 0.055611192161)
(0.00124782055821 0.0342772948736 0.0556309928861)
(0.000994151408318 0.0342855897277 0.055379591888)
(0.00116562740512 0.0342801883418 0.0554591668658)
(0.00101689659661 0.0342849226528 0.0551750092897)
(0.00118955375374 0.0342793664158 0.0549785713572)
(0.00119587823555 0.0342791463611 0.0552506413675)
(0.0013849163433 0.0342720295098 0.055131543649)
(0.00138508568803 0.0342720226663 0.0554045196087)
(0.00141894997205 0.0342706373004 0.0548941577114)
(0.00126850426241 0.0342765356612 0.053567339531)
(0.00128627672095 0.0342758733251 0.0530683507634)
(0.00125624930894 0.0342769869982 0.0522777315787)
(0.00134245973737 0.0342737188215 0.0558377832964)
(0.0012696696883 0.0342764925114 0.0525273481205)
(0.00147869493959 0.0342681114343 0.0537030324953)
(0.00166848744021 0.0342593950569 0.0542897132556)
(0.00124809272864 0.0342772849645 0.0545533573989)
(0.0016807776824 0.0342587942926 0.0538015647813)
(0.0016720800224 0.0342592199035 0.0540497052146)
(0.0016867133516 0.0342585025661 0.0535338926199)
(0.00159065577225 0.0342630969735 0.0558629865712)
(0.00148982197151 0.0342676294846 0.0531791636194)
(0.00148241780538 0.0342679505873 0.0534309807216)
(0.00147942028165 0.0342680801276 0.052390884669)
(0.00148249905603 0.0342679470723 0.0556591730049)
(0.00127469897878 0.0342763058469 0.0547656107566)
(0.00144029077675 0.0342697470443 0.0546622441035)
(0.00165550029291 0.0342600250843 0.0547987171672)
(0.00166037627183 0.0342597891213 0.054541848795)
(0.00159454677463 0.0342629161132 0.0550340462487)
(0.00175570222877 0.0342550362674 0.0549935138608)
(0.00160775301322 0.0342622989633 0.055263254934)
(0.00174672461312 0.0342554952252 0.0551595678511)
(0.00164120116469 0.0342607130506 0.0554948297525)
(0.00169800242654 0.0342579448852 0.0557074576083)
(0.00128006848747 0.0342761057395 0.0527983456964)
(0.00149514924424 0.0342673974608 0.0529256118673)
(0.00146613293614 0.0342686511875 0.052141392135)
(0.00165249950943 0.0342601699554 0.0519872629678)
(0.00170225496769 0.0342577338425 0.0515035170372)
(0.00149716014633 0.0342673096624 0.0526709483059)
(0.00169797301043 0.0342579463432 0.0527694728455)
(0.00168921937486 0.0342583790904 0.0522545881157)
(0.00170230421663 0.0342577313953 0.0525047394313)
(0.0016938775799 0.0342581490852 0.0532852694717)
(0.00169548197045 0.0342580697192 0.0530256375089)
(0.00019513180149 0.0348994447944 0.0546011415428)
(0.000197522621071 0.0348994410387 0.054405922035)
(0.000195134676508 0.0348994447786 0.0508011431423)
(0.000195448652457 0.0348994527153 0.0506055023111)
(0.0004 0.0348977076611 0.05495)
(0.000348431879074 0.0348982671018 0.0551458966268)
(0.000550930121203 0.0348956512477 0.055118205353)
(0.0004 0.0348977076611 0.05115)
(0.000348428554528 0.0348982671346 0.0513459025723)
(0.000550919965587 0.034895651408 0.0513183288135)
(0.000201619587646 0.034899408864 0.0514951969617)
(0.00018705472786 0.0348994987146 0.0517106743027)
(0.000201621282768 0.0348994088544 0.055295195977)
(0.000187716357397 0.0348994951621 0.0555114287923)
(0.000344744685538 0.0348983032639 0.0509476038728)
(0.000412262681492 0.0348975649506 0.0507424854147)
(0.000344743890666 0.0348983032716 0.0547476025114)
(0.000411642398788 0.0348975722728 0.0545478773035)
(0.000402840604504 0.0348976749863 0.0515652021068)
(0.000380388678027 0.0348979269363 0.055360797547)
(0.000557416206885 0.0348955482429 0.0510192997936)
(0.000558030704538 0.0348955384216 0.0548191105208)
(0.000187583929322 0.0348994958741 0.0541546564645)
(0.000195924713766 0.0348994500459 0.0539149820193)
(0.000390764460547 0.0348978122973 0.0542817401303)
(0.00019463575883 0.0348994572583 0.0536593773434)
(0.000388321518979 0.0348978395663 0.0540335425597)
(0.000179511746509 0.0348995383284 0.0503554220013)
(0.000385769927396 0.0348978678656 0.0504754009611)
(0.000185832838002 0.0348995052423 0.0501229706577)
(0.000191187195945 0.0348994763207 0.0498852990232)
(0.000375503683412 0.034897979841 0.0502285221776)
(0.000182522743782 0.0348995227109 0.0496535536249)
(0.000386253683575 0.0348978625147 0.0499940604253)
(0.000162752035083 0.0348996205105 0.0494467284063)
(0.000373028753176 0.0348980063836 0.0497502954804)
(0.000368158149624 0.0348980581061 0.0495126398779)
(0.000616432343939 0.0348945556092 0.0494932731895)
(0.000522780819167 0.0348960843106 0.0496679362441)
(0.000848179254278 0.0348896917721 0.0494967683525)
(0.000735278758501 0.0348922536553 0.0496814525313)
(0.00108859463229 0.0348830182428 0.0495041672726)
(0.00176994016702 0.034855090185 0.0494796486222)
(0.00176944536189 0.0348551153077 0.0567196003074)
(0.00156126859577 0.0348650604527 0.0495182115358)
(0.00132136592942 0.034874976589 0.0495182782911)
(0.000339642891964 0.0348983472776 0.0566885441344)
(0.000203579437195 0.034899406233 0.0534154817869)
(0.000404994401801 0.0348976500575 0.053792077366)
(0.00157422058879 0.0348644780477 0.0566457245927)
(0.0012043439443 0.0348792138051 0.0497203976282)
(0.000577069351355 0.0348952287708 0.0566758110322)
(0.000840850525192 0.0348898691656 0.0566825800511)
(0.00132107353895 0.034874987666 0.0566825641749)
(0.0010809871114 0.0348832548204 0.0566825621727)
(0.000966315742773 0.034886619697 0.0497017171219)
(0.000148000487737 0.0348996861856 0.0567257419884)
(0.000189692155317 0.0348994844788 0.0519449860479)
(0.000196886940256 0.0348994446307 0.0521851398805)
(0.000392290441159 0.0348977951769 0.0518207523355)
(0.000195183143679 0.0348994542012 0.0524405021127)
(0.000390472373046 0.0348978155667 0.0520670583127)
(0.00020380136019 0.0348994049377 0.052684548282)
(0.000405961136591 0.0348976388249 0.0523083028621)
(0.000194735429165 0.0348994567023 0.055747903595)
(0.00019618367752 0.0348994485911 0.0560034037335)
(0.000396687211433 0.0348977454753 0.0556162953605)
(0.000187326824064 0.0348994972551 0.0562522093916)
(0.000401675886636 0.0348976884117 0.0558636508992)
(0.00108585123637 0.034883103748 0.0499679407132)
(0.000798198287822 0.0348908710051 0.049912227063)
(0.0013541304001 0.0348737197738 0.0499142768117)
(0.00145779601523 0.0348695401572 0.0497154502281)
(0.000208837967759 0.0348993751621 0.0531689419753)
(0.000416815615334 0.0348975108674 0.0535454135006)
(0.000208920354355 0.034899374669 0.0529311479143)
(0.000417221066718 0.0348975060224 0.0525548358108)
(0.000421805133593 0.0348974509159 0.056111643438)
(0.000426780537456 0.0348973904235 0.0530501204449)
(0.000424046666894 0.0348974237505 0.0532968585587)
(0.000591294845761 0.0348949906205 0.0503444081547)
(0.000612070742649 0.0348946323867 0.0506002265534)
(0.000586835009691 0.0348950659073 0.0500938210322)
(0.000424206426874 0.0348974218089 0.0528033256604)
(0.000599566809002 0.0348948494715 0.0541592199342)
(0.00061245572996 0.0348946256317 0.0544110499654)
(0.000605670286472 0.034894744067 0.0539085477917)
(0.000583825601153 0.0348951163871 0.0498483067183)
(0.000602778266755 0.0348947941441 0.0519431778958)
(0.000620006300558 0.0348944922901 0.0516375898417)
(0.000606758672396 0.0348947251589 0.0521939029146)
(0.000610016970282 0.0348946683506 0.0557309379421)
(0.000583032837945 0.0348951296417 0.055440302683)
(0.000660138157431 0.0348937561408 0.0560006319124)
(0.000615030033575 0.0348945803537 0.0536612654738)
(0.000626204321676 0.0348943816129 0.0534146134812)
(0.000635132219905 0.034894220253 0.0531668365958)
(0.000839045713333 0.0348899126151 0.0535478390088)
(0.000828844472475 0.0348901564462 0.053793179886)
(0.000614545114831 0.0348945888972 0.0524410328697)
(0.000625072728268 0.0348944019018 0.0526873016865)
(0.000633958574048 0.0348942415955 0.0529346156134)
(0.000838256689921 0.0348899315809 0.0525548253234)
(0.000829189623495 0.0348901482451 0.0523105796977)
(0.000853191456133 0.0348895695637 0.0530496206163)
(0.000848023306741 0.0348896955629 0.0528031046442)
(0.00106925044715 0.0348836165482 0.0529217756648)
(0.000847671806044 0.0348897041046 0.0533008771046)
(0.00175028488062 0.0348560827236 0.0565055768154)
(0.00174004388492 0.0348565954631 0.0562559643624)
(0.00173215315934 0.0348569884734 0.0559979841593)
(0.00156389702118 0.0348649426517 0.0563819667003)
(0.00171638899206 0.0348577682709 0.0557551236638)
(0.00152924646237 0.0348664796797 0.056140425704)
(0.00170770328186 0.0348581948687 0.0555074663701)
(0.00150671588063 0.0348674605794 0.0558907081502)
(0.00133024697745 0.0348746389656 0.0562922867414)
(0.00017493864683 0.0348995615513 0.0565110686652)
(0.000416831055633 0.034897510683 0.0564186431206)
(0.00150840946913 0.0348673873537 0.0556094343147)
(0.00141478336268 0.0348713118198 0.056482061622)
(0.000720736601753 0.0348925570681 0.056464124874)
(0.000960908251664 0.0348867690584 0.0564640390635)
(0.00120103925887 0.0348793277558 0.0564640136623)
(0.00170303800477 0.0348584231077 0.0552571515662)
(0.000612059119337 0.0348946325906 0.056248065299)
(0.00173286667467 0.0348569530092 0.0497096110047)
(0.00173904101859 0.0348566455118 0.0499458898322)
(0.0017322807372 0.0348569821334 0.0502027760549)
(0.00156269647041 0.0348649964827 0.0498690662519)
(0.00171641141888 0.0348577671666 0.0504456004211)
(0.00152957390075 0.0348664653167 0.0500601033829)
(0.00170769447447 0.0348581953001 0.0506932512274)
(0.00150680251711 0.0348674568355 0.050309938226)
(0.0014941067891 0.0348680031677 0.0505617369639)
(0.00130736056272 0.0348755044173 0.0501775452655)
(0.00170302148976 0.0348584239145 0.0509435694475)
(0.00106192492964 0.0348838403196 0.053431997508)
(0.000840749277748 0.0348898716056 0.05624528315)
(0.00109089643348 0.0348829463344 0.0562465061684)
(0.00125491828214 0.0348774308129 0.056025780477)
(0.00096689812127 0.034886603561 0.0560270710321)
(0.00150412568541 0.0348675724122 0.0553794662695)
(0.00148727519871 0.0348682952334 0.0508143299299)
(0.000830709552683 0.0348901120898 0.0504565696751)
(0.000654707516987 0.0348938584577 0.0508087959682)
(0.000817810038981 0.0348904168324 0.0509761032701)
(0.000735279092981 0.0348922536483 0.0511836502188)
(0.000849434497335 0.0348896612342 0.0507373751626)
(0.000907770533951 0.0348881921667 0.0511991076836)
(0.000775220348904 0.0348913891012 0.051396926368)
(0.00107178233265 0.034883538849 0.0509384666291)
(0.000831015620572 0.0348901048012 0.0501801242614)
(0.000809616792274 0.0348906079146 0.0517991933135)
(0.000831563172579 0.0348900917553 0.0542927235968)
(0.000649030916083 0.0348939645049 0.0546173194191)
(0.000814742608435 0.0348904885962 0.0547769454486)
(0.000734313420127 0.0348922739844 0.0549836641213)
(0.000848247659147 0.0348896901091 0.0545316138571)
(0.000933908024156 0.0348875022867 0.0549748675991)
(0.000801888711962 0.034890786384 0.0552398096043)
(0.00104708078488 0.0348842890401 0.0547085981331)
(0.000821200369026 0.0348903372003 0.0540392079705)
(0.000823379273611 0.0348902858482 0.0520650685324)
(0.00129494257639 0.0348759677102 0.0504492532818)
(0.00129260373811 0.0348760544726 0.0507249792281)
(0.00107583269354 0.034883414168 0.0503135375378)
(0.00105226197339 0.0348841331373 0.0524245843523)
(0.00104021903545 0.0348844943257 0.0521727646709)
(0.0010589224726 0.0348839315903 0.0526766084429)
(0.00128258666281 0.0348764242928 0.0527899778355)
(0.00126958490565 0.034876900008 0.0525380959126)
(0.00129081189476 0.0348761208372 0.0530420632421)
(0.000798298059387 0.0348908687225 0.055538035705)
(0.0010725576525 0.034883515019 0.0531740014388)
(0.00105246353132 0.0348841270568 0.0536796014642)
(0.00103966849852 0.0348845107378 0.0539314749794)
(0.00127573839633 0.0348766754658 0.0535641590842)
(0.000846675185507 0.034889728304 0.055783895799)
(0.00102904891464 0.034884825617 0.0519229722775)
(0.00125311183382 0.0348774957635 0.0520380889714)
(0.00104448148598 0.0348843669632 0.0541659844077)
(0.00126450217512 0.0348770846581 0.0540422395681)
(0.00104709440818 0.0348842886311 0.0544212794712)
(0.00126450465163 0.0348770845683 0.0538162829927)
(0.00128377148103 0.0348763807008 0.0533119161815)
(0.00107888861663 0.0348833197869 0.0506158910239)
(0.0014830644398 0.0348684745848 0.0510664479729)
(0.00148308400369 0.0348684737526 0.0551342616767)
(0.00102674843473 0.0348848934018 0.0516705273982)
(0.00124111514892 0.0348779247259 0.0517855965916)
(0.00126353635437 0.0348771196615 0.0522903757257)
(0.000832237923366 0.0348900756669 0.0515949114764)
(0.00128936070733 0.0348761745174 0.0556866329403)
(0.0014851023769 0.0348683878453 0.052408891964)
(0.00147737264296 0.0348687162091 0.0521566784773)
(0.00148967914347 0.0348681926123 0.0526611674884)
(0.00126277820321 0.0348771471197 0.0542689808601)
(0.00149919769505 0.0348677846482 0.0539019102718)
(0.0016991261554 0.0348586140044 0.0511952969231)
(0.00147936975739 0.034868631535 0.0513186099739)
(0.00130241094182 0.0348756896095 0.0509362965337)
(0.00169915350169 0.0348586126714 0.055005421938)
(0.00147940214463 0.0348686301609 0.0548820990928)
(0.001281369635 0.034876469028 0.0552312654085)
(0.00169570111856 0.0348587807836 0.0514470570987)
(0.00144468726604 0.0348700857284 0.0515805456346)
(0.00127658701058 0.0348766444143 0.051153578533)
(0.0016957391864 0.0348587789317 0.0547536616622)
(0.00147620358996 0.0348687657218 0.0546299079979)
(0.00132456793431 0.0348748551221 0.055001447062)
(0.00169280408464 0.0348589215888 0.0545018751654)
(0.00148611869526 0.0348683445438 0.0543787183173)
(0.00128746854147 0.0348762444187 0.054782440753)
(0.00168483508489 0.0348593076629 0.0517265558636)
(0.00145981461478 0.0348694557068 0.0518925740589)
(0.00124036123212 0.0348779515456 0.0513937661626)
(0.00150151183367 0.034867685071 0.0529113666852)
(0.00151130388733 0.034867262017 0.0531626386731)
(0.00171342035134 0.0348579143194 0.0527759449419)
(0.00172424874562 0.0348573803701 0.0530284962741)
(0.00170081166695 0.0348585318061 0.0525246554824)
(0.00169676428312 0.0348587290498 0.0522505867721)
(0.00167555917154 0.0348597547533 0.0519857165843)
(0.00172118591204 0.0348575317407 0.0532624321272)
(0.00152083332783 0.0348668476635 0.053414410196)
(0.00172900884638 0.034857144582 0.0535149952792)
(0.0015060753205 0.0348674882538 0.0536668296951)
(0.00171817521296 0.0348576802719 0.0537630423148)
(0.00173303942979 0.0348569444205 0.0540069032041)
(0.00171982288494 0.0348575990172 0.0542492239833)
(0.00149426513575 0.0348679963821 0.0541413293674)
(0.00126780711375 0.0348769646776 0.0545316542555)
(0.00107557902021 0.0348834219906 0.0557760109332)
(0.000969728935401 0.0348865249888 0.0556180228803)
(0.000978397856925 0.0348862829438 0.0554152453215)
(0.00113636667792 0.0348814946752 0.0555517205986)
(0.0010460220714 0.0348843208021 0.0551879994874)
(0.00115341346979 0.0348809351562 0.0549811030738)
(0.0011557602191 0.0348808574768 0.0553720994876)
(0.0013108204543 0.0348753745462 0.0554655934819)
(0.00100506063144 0.03488552498 0.0514479701738)
(0.00120801690122 0.034879086788 0.0515719571705)
(0.00109603731549 0.0348827851841 0.0512364773389)
(0.000127171501084 0.0347195653767 0.0507707541572)
(0.000379193906915 0.0344777966071 0.0510226737224)
(0.000299811252083 0.0344981927383 0.0508852110026)
(0.000264972953738 0.0346984135178 0.0508503513161)
(0.000157545687371 0.0345164935946 0.0507823325465)
(0.000368918657709 0.0346751835189 0.0509954069083)
(0.0004 0.0345974367005 0.05115)
(0.000123889248957 0.0344763048478 0.0553303307166)
(0.00038035499696 0.0347205592863 0.0550738146853)
(0.000155871180307 0.0346786879204 0.0553183804761)
(0.00026632842469 0.0344999893739 0.0552484445848)
(0.000368335786531 0.0345181412839 0.0551059767558)
(0.000299290059958 0.0346955854754 0.0552153779569)
(0.0004 0.0345974369598 0.05495)
(0.000127170438207 0.0347195682692 0.0545707538007)
(0.000379193842931 0.034477796694 0.0548226735319)
(0.000299811066654 0.0344981927227 0.0546852107927)
(0.000264971953696 0.0346984142091 0.0546503504317)
(0.000157545741715 0.034516496117 0.0545823325697)
(0.000368918368185 0.0346751835008 0.0547954062174)
(0.000123888804322 0.0344763082506 0.0515303308614)
(0.000380354451374 0.0347205600467 0.0512738163613)
(0.000155870098958 0.0346786913478 0.0515183809336)
(0.000266327610028 0.0344999905892 0.0514484453118)
(0.000368335597065 0.0345181420624 0.0513059772033)
(0.000299288970418 0.0346955886969 0.0514153791857)
(0.000515579851245 0.0345076753209 0.0495014634042)
(0.000691246570443 0.0345131428561 0.0537840282633)
(0.000496105150455 0.0347032256942 0.0532129780847)
(0.000677234156926 0.0347009318103 0.0542876963427)
(0.00122981373192 0.0347057326779 0.0558124187218)
(0.00147786798169 0.0344404781336 0.056201489065)
(0.00173974869602 0.0345961408642 0.0544030355106)
(0.00174374187125 0.0344334527624 0.0546536052139)
(0.000178897604718 0.0344999970304 0.0543416908709)
(0.00175731081223 0.0343905316827 0.054880275015)
(0.000144794747803 0.0344775617405 0.0525626721879)
(0.000934876747205 0.0345155970578 0.056632033587)
(0.000196911717504 0.0347324296235 0.0494485246533)
(0.000734330419899 0.0347385540878 0.0548453731248)
(0.00120206687552 0.0346882846706 0.0524311536236)
(0.00167553061805 0.0346440362239 0.0508053611448)
(0.000362237114319 0.0347114346346 0.0539313461944)
(0.00162113028569 0.0345140280916 0.0518691537966)
(0.000818227950103 0.0347037572008 0.0560912610698)
(0.0015820501984 0.0346588330685 0.0523510128623)
(0.000483658116453 0.0344329215239 0.0546647704811)
(0.000155906137839 0.0345187297807 0.0527661851523)
(0.000206886564993 0.0345014235817 0.0523329355192)
(0.000605283693205 0.0344749115585 0.0511141776164)
(0.0011677028451 0.0345035322255 0.0516380243844)
(0.00172005708727 0.0346570487448 0.0500719166228)
(0.00103265825569 0.0347483414314 0.055501695004)
(0.000452466531021 0.0347063052286 0.050354594565)
(0.00118321371758 0.0346662591542 0.0512726753437)
(0.00137078173982 0.0344487973363 0.0497774311438)
(0.000555440012812 0.0347117922434 0.0506983534039)
(0.000150209608357 0.034567756446 0.051713477817)
(0.000508066153966 0.0346857071959 0.0499678837778)
(0.000179165118242 0.034485468088 0.04952879254)
(0.000463848367988 0.0347493933381 0.0508334903238)
(0.000138716323093 0.034499977282 0.0532958499372)
(0.00174764853665 0.0346971568927 0.0550572535902)
(0.000216706939498 0.034690517831 0.0520542176295)
(0.000980960890329 0.0346839760302 0.0545635709621)
(0.00108348392229 0.03447799671 0.0502635051499)
(0.00107973931714 0.0346980805168 0.0497968314501)
(0.00143246943157 0.0346901674474 0.0501914270228)
(0.000890388817711 0.0344845017076 0.0507657310341)
(0.000788618985294 0.0344847817292 0.0523933838838)
(0.000142286175034 0.0347235354305 0.0502445224588)
(0.00134765855762 0.034664398357 0.0541683903066)
(0.0017092977604 0.0346512211067 0.0521310922569)
(0.000206615687455 0.0344992701525 0.0501711106357)
(0.00143226643061 0.0344712545158 0.0527982969446)
(0.00145066765833 0.034695620603 0.0495099587973)
(0.000538792146001 0.0344946577596 0.0520757870109)
(0.000153668823321 0.034719609681 0.0530270160784)
(0.00163488400098 0.0346553480733 0.0512861473711)
(0.00169928459396 0.0346429084775 0.0525957998239)
(0.00169274305924 0.0344590649407 0.0528470120223)
(0.000272365951983 0.0344447499809 0.0506799207902)
(0.0011305901185 0.0346691391573 0.0532606690656)
(0.000493192978703 0.0345140587316 0.0526871772422)
(0.00176852675959 0.0347102715007 0.0517071705083)
(0.000525737485903 0.0344818806889 0.0558555128825)
(0.000508441809231 0.0346709638455 0.0566773797138)
(0.000527695435062 0.0345055609255 0.0562617989734)
(0.00175393322156 0.0343798249498 0.0562956336188)
(0.00175391336962 0.0347157165947 0.0567204297804)
(0.000720105305738 0.0347005455797 0.0515552400121)
(0.000756918563032 0.034446595318 0.0494422888551)
(0.00018607639693 0.0344932430284 0.0505365191249)
(0.000202861714413 0.0346946763795 0.0525574558037)
(0.00051148306859 0.0344446357361 0.0508855912836)
(0.00134101772741 0.0346789887748 0.0536823944095)
(0.00171081583829 0.034453753539 0.0511291953644)
(0.000199133503363 0.0347329236257 0.0567412510765)
(0.000958635313208 0.0346314667957 0.0494948134965)
(0.00168318677762 0.0344572764611 0.05159364129)
(0.00173895549086 0.0344655989727 0.0523760174814)
(0.00100292205915 0.0344918586627 0.0528344493888)
(0.00042839997105 0.0345671960298 0.0552981387626)
(0.000122917609865 0.034404781611 0.0506820616784)
(0.000137184920523 0.0344806424584 0.0561097328614)
(0.000902997948375 0.0347241413403 0.0519245417925)
(0.00175599957559 0.034665848133 0.0529024097695)
(0.00174265960599 0.0344385890281 0.0539933424186)
(0.00148520534729 0.0344477292517 0.0555196127978)
(0.000963414179309 0.034481838021 0.0540496240448)
(0.000552701149697 0.0347234427072 0.0548656846036)
(0.00171948780605 0.0346446351378 0.0538693885942)
(0.00133653934191 0.0347424758077 0.0567529746197)
(0.00171211211925 0.0346889641147 0.0554279328972)
(0.00123023658678 0.0347216507569 0.0553883595117)
(0.000446647242474 0.0344784882028 0.0567412648431)
(0.0016647622915 0.0346493623338 0.0534051130305)
(0.000202247143084 0.034701715671 0.0558843154707)
(0.000199319842324 0.0344662205635 0.0567412524203)
(0.00164505093555 0.0346472688358 0.055879161756)
(0.00035900461351 0.0344392497373 0.0494395452802)
(0.000503295374835 0.0347284615055 0.0494738075708)
(0.000160304214739 0.0347096504659 0.0500021097739)
(0.00120422423051 0.0344651352124 0.049451073636)
(0.00013969213437 0.034752587572 0.0504788892323)
(0.00176917007309 0.0347215151638 0.0498849285209)
(0.0012136858461 0.0347049615534 0.049486349674)
(0.00142088328534 0.0346743816615 0.0507142840223)
(0.00174697560409 0.0347223809801 0.0496711998001)
(0.00170126943695 0.0344262981824 0.0498304059245)
(0.00162851850699 0.0347097376278 0.0494655953187)
(0.000115817134243 0.0347456677237 0.0527637208502)
(0.00019257984078 0.0344768464568 0.0530028750559)
(0.000178326290251 0.034471453809 0.0535987861158)
(0.000186437563197 0.0347062660466 0.0543514605958)
(0.000140079395388 0.0346990217037 0.0538020832188)
(0.0016948439617 0.0344764150562 0.0536308099589)
(0.000461002892701 0.0347509934881 0.05463351862)
(0.000922912411408 0.0347240615013 0.0551340790951)
(0.00177929594449 0.0346621490877 0.0536283186432)
(0.00167665607645 0.0344586933517 0.0556844999693)
(0.000132709407269 0.0347824413885 0.0554412168282)
(0.00123701163232 0.0346746888479 0.0549075595583)
(0.000195432812028 0.0344920084923 0.0563632910541)
(0.000712849531384 0.0344920916644 0.0567057654976)
(0.0017236102439 0.0344210296054 0.0559255583803)
(0.000205213364088 0.0347076226226 0.0563724597836)
(0.000553000660611 0.0344576337377 0.0548814230226)
(0.000181089286501 0.0344536510099 0.0499793989548)
(0.000147185343292 0.0344501039004 0.049759013414)
(0.00174481136594 0.0343808827986 0.0494197913457)
(0.00169530260292 0.0344589238564 0.0505671724742)
(0.00176389885127 0.0346542106863 0.0510709114275)
(0.000317598735883 0.0347517696833 0.0516127048424)
(0.00054925568195 0.0347339560198 0.0511991209547)
(0.00174630993279 0.0344125643856 0.0501745988358)
(0.000308696970111 0.0344394032878 0.0544752281022)
(0.00170646791467 0.0346586120153 0.050567226215)
(0.00178800891232 0.0344038578956 0.0508031689607)
(0.00173362674636 0.0344454443364 0.0513706282896)
(0.000169764267126 0.0344871729335 0.0519321693243)
(0.000533026163136 0.0344654345185 0.0514257780708)
(0.000786903730256 0.0346669909301 0.0534698408347)
(0.000222977881508 0.0345325046994 0.0540300298279)
(0.000152910429139 0.0347073522536 0.0535239666415)
(0.00170260089143 0.0344149785218 0.0521041091465)
(0.00170113629302 0.0344586022984 0.0533536439298)
(0.000280089634896 0.0344404562193 0.0554539313389)
(0.000130667588157 0.0344620947074 0.0554719173687)
(0.00179619317004 0.0344038480461 0.0550900075339)
(0.000125890324433 0.0344438816678 0.0565268955514)
(0.000174089549334 0.0344615968811 0.0558542143477)
(0.00171480701616 0.0346794207782 0.0556782532824)
(0.000733412060865 0.0347034519853 0.0566764911015)
(0.000147055640897 0.0347005914829 0.0561301261604)
(0.00142631272098 0.0344403437657 0.056761463934)
(0.0017547777166 0.0346645668357 0.0561208401132)
(0.00119462591392 0.0344572839232 0.0567019013593)
(0.00176039924035 0.0343885086667 0.0555216249146)
(0.00118788865018 0.0346736695584 0.0563115463479)
(0.00176418162797 0.0346938934161 0.0563482888285)
(0.000127351158499 0.0347382558388 0.0497811997151)
(0.00142131384559 0.034464433362 0.0494332087205)
(0.000704951967321 0.0347278474296 0.0495427243526)
(0.000284037619134 0.0347518127357 0.050654987936)
(0.000293298730081 0.0344321388889 0.0516257345362)
(0.00172725042873 0.0346552333905 0.0503009407723)
(0.00048827390533 0.0347410792928 0.0514244053611)
(0.00172492024189 0.0344195739236 0.052633542974)
(0.000204259572257 0.0347085764513 0.0522973298748)
(0.00175627008799 0.0346678935876 0.0531435290745)
(0.000183496116274 0.0347184949376 0.0540511861938)
(0.00169515385732 0.034468942672 0.053099917921)
(0.00177022363342 0.0346507929635 0.0541215588062)
(0.000125756393777 0.0344036015416 0.0544798038687)
(0.000284407241007 0.0347524649988 0.0544906929616)
(0.00138504221133 0.0344485306458 0.0545528313424)
(0.00171041528292 0.0346778401839 0.0548610603157)
(0.00164623443004 0.0344680737785 0.0566591738842)
(0.00013281543232 0.0347667634244 0.0565130316887)
(0.00094241473732 0.0347062292112 0.0567407694363)
(0.001735778872 0.034400314829 0.0552847683693)
(0.00153549696659 0.034413248661 0.0551429752432)
(0.00150596367144 0.0346927091221 0.0565029544245)
(0.00156053209298 0.0344507258579 0.0564380262912)
(0.00116718871642 0.0344409224647 0.0544336747097)
(0.00117005469713 0.0344428470531 0.0546453547382)
(0.00139311110681 0.0344355076299 0.0543050724952)
(0.00141559456642 0.0344349310415 0.0547666951768)
(0.00133595171533 0.0346743646571 0.0546480450426)
(0.000330418772887 0.0347201122002 0.0541641865122)
(0.00154027353416 0.0346740405826 0.0529908137221)
(0.00152411926899 0.0344499042261 0.0524982385054)
(0.000471406994574 0.0344606627995 0.051690728851)
(0.000727879697797 0.0344565236569 0.0497921589772)
(0.000621724351685 0.0347474468738 0.0497479651387)
(0.000679633898411 0.0345908815229 0.0494351228055)
(0.000881653781361 0.034739622992 0.0496410608029)
(0.00106878205662 0.0346992190735 0.0560978602295)
(0.000993057605221 0.0344997063629 0.0563713911)
(0.00107600973957 0.0347225804887 0.0565457644752)
(0.00122914445408 0.0344588753761 0.0563220254429)
(0.0013724532295 0.0346626325051 0.0561801114008)
(0.00136849061556 0.0344198175699 0.0565465027933)
(0.00158666738068 0.0347008765504 0.0562719849394)
(0.000861657259553 0.0347220783282 0.0565268098548)
(0.000340469923651 0.034462984783 0.0557267072851)
(0.000160578424036 0.0344539152273 0.0556312916667)
(0.000465011461527 0.0344600177426 0.0554835954116)
(0.00143034011487 0.0344610848658 0.05330678624)
(0.000349350279738 0.0347178582698 0.053679657486)
(0.000356119566158 0.0347192956056 0.0534024696101)
(0.000322484049119 0.034490621523 0.0538523508135)
(0.000337955310336 0.0344739066951 0.0542101572508)
(0.00100377923401 0.0344869293662 0.0535322986595)
(0.000783439679176 0.0344883148855 0.0531769052147)
(0.000761914060655 0.0346845762615 0.0537015610414)
(0.000696173572434 0.0344885061988 0.0535451808193)
(0.000757038508671 0.0344885791726 0.0514642698663)
(0.000431619803664 0.0346093507256 0.0514729803709)
(0.00151970715819 0.0344832626455 0.0514278371522)
(0.00155119143142 0.0346815024349 0.0504097001182)
(0.000484204186876 0.0344625618274 0.0544242912744)
(0.00174529508924 0.0344489665026 0.0500108343874)
(0.000686283459118 0.0347491545215 0.0510553541698)
(0.000681488863686 0.0347600823196 0.0513329246769)
(0.000487423173927 0.0347112013471 0.0516779871996)
(0.000258803716584 0.0347104253957 0.0518265298291)
(0.00173017261958 0.0344585013521 0.0503724454397)
(0.00172671498393 0.0344036032908 0.0496198754909)
(0.00032403393984 0.0344498610435 0.049847245853)
(0.000386264523055 0.0347262770101 0.0562465931769)
(0.000332942418254 0.0347007517376 0.0565659453537)
(0.00157116270779 0.0344060454392 0.0559980299181)
(0.00056744173713 0.0344598586501 0.0565153261687)
(0.00103359391112 0.0347301211831 0.0548557114532)
(0.00114588808391 0.0344618570812 0.0551383107481)
(0.00115460024817 0.03470986066 0.0551333074537)
(0.000252489942302 0.0347021499465 0.0556235919405)
(0.000693540623481 0.0344713765626 0.0551101695807)
(0.000702268714952 0.0347151510094 0.0551009744768)
(0.000938240107222 0.0347510128057 0.0552982546977)
(0.000109019114509 0.0347788046895 0.054423569551)
(0.000263816599434 0.0346947279435 0.0528068209203)
(0.00153343071603 0.0344211279792 0.0497418348109)
(0.00158913388068 0.0347233053326 0.0497777871343)
(0.0012016452617 0.034694233753 0.0508287557707)
(0.00141641148036 0.0346808351183 0.0509142585352)
(0.00149013560481 0.0344739967666 0.050775659524)
(0.00135423933438 0.0344679962805 0.0505190295956)
(0.000105439784514 0.0347532751898 0.0506294994733)
(0.00116871950257 0.0344722424818 0.0496296819662)
(0.000332324881386 0.0347493482801 0.0498546008873)
(0.000330799201562 0.0347431700173 0.0501300807714)
(0.000344884095017 0.0347549197665 0.0494344496465)
(0.000387395668878 0.0347522808426 0.0496293617565)
(0.0015169639348 0.0347167088061 0.0557185786925)
(0.000342983797952 0.0347338932494 0.0560286276065)
(0.00156921281065 0.0347038366607 0.0535845665997)
(0.0012076287889 0.0347309212299 0.0555615493753)
(0.00146112976499 0.0347180108983 0.0552665034519)
(0.00125525504746 0.0344484122211 0.0553715138626)
(0.00156738856775 0.0346662207625 0.0540367409816)
(0.00155869089129 0.0344652447047 0.0538668820742)
(0.00109707839492 0.0344814235005 0.0537891705927)
(0.000891245148944 0.034688984911 0.0539212685942)
(0.000956818335498 0.0344744003454 0.0542978006567)
(0.000752590173454 0.034468578317 0.0541833761166)
(0.00117953844213 0.0344562095919 0.054215850443)
(0.0013609675231 0.0344440892224 0.0557233813704)
(0.00154936124488 0.0344021496248 0.0553639666533)
(0.00158397521876 0.0344610798395 0.0541603665536)
(0.00111397797333 0.0344912070653 0.0520423242336)
(0.000890805845222 0.0346830748671 0.0521882657051)
(0.000887966921524 0.0347057796456 0.0516741259822)
(0.00111129728634 0.0347096284336 0.0517959427911)
(0.000903192212666 0.0345096874245 0.0519526193158)
(0.000519958362629 0.0344367799795 0.0552445938643)
(0.000509478916753 0.0347347863339 0.0552840833127)
(0.00123883220726 0.0346820178528 0.0529007638031)
(0.00123037960526 0.0344820984416 0.0526569793228)
(0.000919273871584 0.0346822153461 0.0526715002971)
(0.000766043216295 0.0344682036345 0.0529260862959)
(0.00155279076417 0.0344452446453 0.0522456813576)
(0.00151745151252 0.0344430546072 0.0511940114906)
(0.00135303360461 0.0346650272159 0.0534271983364)
(0.00146318025883 0.0344847634835 0.0535668999333)
(0.000611963952624 0.0345007322675 0.0506683343575)
(0.000369436873352 0.0347160479071 0.0524296351321)
(0.000199483104169 0.0346305547839 0.0506405925374)
(0.000889463318808 0.0347176892247 0.0514607131466)
(0.000698933710258 0.034468105848 0.0561094348736)
(0.000566723560667 0.0346949287081 0.0564165925032)
(0.000747395773096 0.0344585736087 0.0563134874846)
(0.000748041073793 0.0346984986777 0.0557003120462)
(0.000567483349464 0.0346883414937 0.055871142069)
(0.00071161607051 0.0344472986082 0.0558545420737)
(0.000485280917616 0.0344620356691 0.0529361827566)
(0.000546781255441 0.0347018455254 0.0525706064622)
(0.000529311111386 0.0346786843305 0.0528110624496)
(0.00110422871192 0.0344795888491 0.0533196904628)
(0.00153163297398 0.0347046105407 0.0515218360334)
(0.000442230195919 0.0346878094809 0.052178983725)
(0.00133538032775 0.0346885619051 0.0496830456395)
(0.00139118862518 0.0346706165843 0.0527808256578)
(0.000326700346297 0.0344922918021 0.0503467973514)
(0.0015189497729 0.034687549921 0.0519889337353)
(0.00132584782944 0.0346945941931 0.0544084724081)
(0.00135099501058 0.0346856362945 0.0539303987071)
(0.00110166628018 0.0347060733654 0.0540204653354)
(0.000978580723168 0.0344620308733 0.0522611882267)
(0.00100403711193 0.0344623887982 0.052567154523)
(0.000743211016697 0.0344684959571 0.0521544038835)
(0.000750284533206 0.0346935302027 0.0524421882909)
(0.00090088826266 0.034487665226 0.0510505295993)
(0.00109698334927 0.0344870965039 0.050868974772)
(0.000901463340772 0.0347047963008 0.0508885530209)
(0.000800476699455 0.0344512312039 0.0506017456116)
(0.00123465460412 0.0346842942713 0.0500206593987)
(0.00135240283375 0.0344753086244 0.0502587526792)
(0.001592711139 0.0347330527355 0.0501946223577)
(0.000926951983352 0.0346811889902 0.05000452319)
(0.00108915585489 0.0344812712614 0.0499970258456)
(0.00102450274595 0.0344655335868 0.0505108129421)
(0.000941294835 0.0346698940599 0.0502953276285)
(0.00122954971954 0.0346760464487 0.0502867264243)
(0.000742178325391 0.0344721375228 0.0546449112622)
(0.00074527244602 0.0346989323242 0.0546412897006)
(0.000152378134808 0.0347151512807 0.0532800784119)
(0.000334944977863 0.0344581131594 0.0496429395276)
(0.000431622514786 0.034478611788 0.0501269593541)
(0.000154550811004 0.0347525630982 0.0516464808753)
(0.000776983436933 0.0346866890971 0.0506139089679)
(0.000441358877582 0.0347433453823 0.0505960807091)
(0.0014208223667 0.0346544598421 0.0511688191822)
(0.00114084895612 0.0347036681571 0.0514502142296)
(0.00105934925252 0.0344749525693 0.0512767689253)
(0.00113160962177 0.0347487423975 0.0511063077854)
(0.00108019499436 0.0347580112787 0.0556626602887)
(0.000933455265915 0.0344854702109 0.0555276823427)
(0.00156914526884 0.034689061966 0.0499726151886)
(0.00142363184381 0.0344572829833 0.0516998587793)
(0.000949341790166 0.0344850389584 0.0515109751671)
(0.00110508746718 0.0344520242117 0.0518409547767)
(0.00130351914602 0.0346798687996 0.051630036447)
(0.000704366240865 0.0344430899367 0.0509416152119)
(0.000527078972524 0.0346122635644 0.0509944380844)
(0.000727593240823 0.0344380860418 0.0512475914429)
(0.000345049084091 0.0344564232795 0.0521396794343)
(0.000380147863191 0.0344888770872 0.0524871232447)
(0.00136223730773 0.0346732430992 0.052314860357)
(0.00179222735625 0.034707690957 0.0523536856347)
(0.00080482127672 0.0347397131851 0.0559050611166)
(0.00138926352486 0.0344487269717 0.0520073724322)
(0.000538273941597 0.0347257661671 0.0540470450999)
(0.00142272742269 0.0346694597697 0.0525530987479)
(0.00120603695737 0.0344852623139 0.0524039063766)
(0.000827789994339 0.03445268535 0.0549179586061)
(0.00157082179011 0.0344072625156 0.0546684939379)
(0.00158769756648 0.0346544005773 0.0546214619756)
(0.0015634044282 0.0344477912382 0.0544446820635)
(0.00132142917175 0.034444989805 0.0561117352839)
(0.00139460203345 0.0347272584896 0.0558618293405)
(0.000477099809343 0.034497037887 0.0531575398257)
(0.000466024981176 0.0344704527763 0.0536536608318)
(0.00123999387527 0.0344228147288 0.0558830259869)
(0.00106485170551 0.0344608315752 0.054893385807)
(0.000981065159445 0.0347414791456 0.055866876118)
(0.00114419049267 0.0346759242507 0.0522262287571)
(0.000559968865055 0.0344719402494 0.052290994806)
(0.000986699376705 0.034475217646 0.05574828954)
(0.000741757504141 0.0344787170689 0.0553708996309)
(0.00114712888922 0.0344370673393 0.0555933548701)
(0.000973879940949 0.0344581865925 0.0552965064068)
(0.000978195083829 0.0347680088238 0.0510988479679)
(0.00130257926362 0.0344402535122 0.0513650247907)
(0.000683494960715 0.0344773242148 0.0501891405978)
(0.000760355863277 0.0344593770541 0.0544060114364)
(0.00092545609824 0.0344846483919 0.0547192435184)
(0.00111872237488 0.0346782596887 0.0504643372348)
(0.000850054076727 0.0344868411168 0.050384333112)
(0.000713757445416 0.0347259230894 0.0503182216435)
(0.00106377628773 0.034691584874 0.0501499670984)
(0.000715253898384 0.0347062025875 0.0500624671429)
(0.00065625616224 0.0344657564691 0.0504450377881)
(0.00133312124866 0.0344431709045 0.0510306865728)
(0.00112359490068 0.0346990247448 0.053783007379)
(0.00109317610863 0.0346744249528 0.0542841108245)
(0.000764914225879 0.034449944135 0.0556865659205)
(0.000520474310807 0.034697864902 0.0556000328599)
(0.00100752181624 0.0347399878927 0.0512877534601)
(0.00133143285628 0.0346815577617 0.0531592320581)
(0.000774257135826 0.0346968728587 0.0529291009839)
(0.000804956213716 0.034493275874 0.0526462795452)
(0.00115143115921 0.0344946594407 0.0530766112853)
(0.00153246269048 0.0344140947438 0.0558130110643)
(0.00155817024142 0.0346718326489 0.054299915565)
(0.00138224951981 0.0344124361368 0.0552345019543)
(0.00144028782446 0.0346837802972 0.0554895075084)
(0.0010197392894 0.0344688496001 0.0498143046318)
(0.00142693268541 0.034724233189 0.0498372763457)
(0.000724328819229 0.0347200808199 0.0554060557997)
(0.000540200765072 0.0346056836807 0.0550822234314)
(0.000909053224054 0.0344459211129 0.0550942063213)
(0.000342687743438 0.0347464975542 0.0554500087618)
(0.000329838066769 0.0344743215689 0.056529514246)
(0.000486257324222 0.0346972745773 0.0519384822485)
(0.000716824372931 0.0347032149956 0.0517926138869)
(0.000856435475333 0.0347389411293 0.0512782458053)
(0.00155020163206 0.0344472056743 0.0500004821592)
(0.000775226596858 0.0344749403861 0.0517041605421)
(0.000911095182013 0.0346874703473 0.0531774792974)
(0.000353336157331 0.0345071569441 0.0534074683594)
(0.000576164882572 0.0346903530795 0.0535671908651)
(0.00055223078102 0.0347006807906 0.0538045548817)
(0.000960102766231 0.034689489781 0.056300506719)
(0.00131811825065 0.0347143058553 0.0565387148978)
(0.00109453843984 0.0344764524187 0.056127356985)
(0.000526412854235 0.0344542119948 0.0497267005998)
(0.00145562192351 0.034456333439 0.0530571071409)
(0.00115076776015 0.034725707831 0.0546736008524)
(0.00135613847613 0.0344463571412 0.0549941355243)
(0.000871482450682 0.0346996417151 0.0541362911)
(0.00113327276091 0.0346956778565 0.0535217558792)
(0.000640607899141 0.0344930172123 0.049997980849)
(0.00089164560383 0.034472616643 0.0501457207964)
(0.00110785528593 0.0347462700749 0.0559407945406)
(0.000116543669083 0.0344480996251 0.0538940878266)
(0.00173973239481 0.0345284627193 0.0549607600639)
(0.00082407963422 0.0346641309832 0.0544134679081)
(0.000400386640096 0.0345904056057 0.0507601239387)
(0.000622045362533 0.0344880117802 0.0525493714385)
(0.000330960994733 0.0344981268256 0.0527530966984)
(0.00177242922631 0.0346999279078 0.0519424321455)
(0.00175327396545 0.0344617027158 0.0564566818892)
(0.000329338754666 0.0345117697128 0.0561908357048)
(0.00150896716431 0.0346763670241 0.0537847963524)
(0.000349210021206 0.0345959354625 0.0494904071107)
(0.000989040419769 0.0344343325623 0.0494760657259)
(0.000274132067059 0.0347089617473 0.0504197814567)
(0.000523940005975 0.0345760987829 0.0547130045672)
(0.00179058385508 0.0343699038206 0.0557512152571)
(0.00171181300151 0.0344328746144 0.0561324274531)
(0.000199475764702 0.0345820086815 0.0498385638715)
(0.00168908896753 0.0344685026519 0.0509358265327)
(0.000402883202151 0.0345948340862 0.0545638733913)
(0.000401188377844 0.0344942511222 0.0519419083552)
(0.000956273754355 0.0346852780593 0.0533646473673)
(0.00163569182515 0.0346434563827 0.0564996876776)
(0.00160481830802 0.0344876133414 0.0495090803339)
(0.000331047265241 0.0345093111361 0.0517839728195)
(0.00156290875292 0.0345923297137 0.0527109517509)
(0.00010743723239 0.0347801590862 0.0542343199532)
(0.00154958291893 0.034583939148 0.0532001257923)
(0.00113562335892 0.0346978711139 0.0567178331824)
(0.00167709749454 0.0345580640339 0.0551947308216)
(0.00154361101023 0.034661132055 0.0567308568855)
(0.00155636252327 0.034411430197 0.0548711294912)
(0.0014723641161 0.0346006994398 0.0548656775976)
(0.000483245797393 0.0347170242221 0.0542369674313)
(0.000796944963071 0.0344867803255 0.0495950162468)
(0.000539173908932 0.0346618986692 0.0496293895574)
(0.000916807536291 0.034742865679 0.0498321986211)
(0.00117401765311 0.0345141013212 0.0565181373169)
(0.0014848587879 0.0346797366851 0.0560273748009)
(0.00143374081525 0.0345958473131 0.056379287302)
(0.00165738581578 0.0345276225121 0.0562874346191)
(0.000354333885219 0.0345259172424 0.0559533078677)
(0.000555833234847 0.0345145347104 0.05567388996)
(0.000402873190526 0.0345690476996 0.0540610272553)
(0.000844913464179 0.0344800454948 0.0536694073319)
(0.000848039560547 0.0344941625151 0.0533562323534)
(0.000537355400999 0.0346266272448 0.0513048492724)
(0.000647166308065 0.0347387718448 0.0509271781911)
(0.00060389793831 0.0347736369948 0.0514818907425)
(0.000714697490521 0.0346323433834 0.0511910951398)
(0.000570387121652 0.0345946825136 0.0515393344751)
(0.000191525152597 0.034596553094 0.0565358847447)
(0.000725318700675 0.0346043057078 0.0565039559168)
(0.000214271777225 0.0345814693294 0.0554361917977)
(0.000853523322323 0.0347234650629 0.0549450612956)
(0.00111310264761 0.0347436847862 0.0552955846546)
(0.000392850809534 0.0346654271721 0.0529738276704)
(0.00162255352462 0.034572587148 0.0496480510952)
(0.00158348024333 0.0346706062228 0.0510036644042)
(0.00130738139191 0.0345519688343 0.0508497961892)
(0.00122135122154 0.0344743094339 0.0504081744571)
(0.00153584630169 0.0346039301674 0.0505964445818)
(0.00154291542173 0.0344489340912 0.0503660248338)
(0.00136327042004 0.0345552464324 0.0495611027711)
(0.000534956430538 0.0346781904166 0.0501794020902)
(0.00033719013734 0.0345602543185 0.0499680640422)
(0.000526124863788 0.0346687497611 0.0561194207658)
(0.00136006609002 0.0346757391434 0.0556596481818)
(0.00136159739116 0.0346663880433 0.0550541494474)
(0.00177545132922 0.0344463993453 0.0538083781194)
(0.000546302966415 0.034512784532 0.054199702417)
(0.000740730935496 0.0344779674294 0.0539906082645)
(0.00137854276788 0.0344609811066 0.0540447587988)
(0.00121933665506 0.0345360202315 0.0540303621584)
(0.00129399276704 0.0345071049085 0.0555851481926)
(0.00095056328038 0.0345487201918 0.0517378319188)
(0.000651652126614 0.034788419386 0.0552651652208)
(0.0010552619643 0.034696630581 0.0527889426521)
(0.000634316787672 0.0344892550639 0.0528019939621)
(0.00150008373119 0.0344535096289 0.0509834636519)
(0.00121402019664 0.0345547617678 0.053610276178)
(0.00132753340901 0.0345037107408 0.0537877343277)
(0.000722251663978 0.0346994023181 0.056235356044)
(0.000911213950086 0.0344965726078 0.0561663091556)
(0.000821200991219 0.0344595902986 0.0564788771133)
(0.000883053267463 0.034720696313 0.0555830151515)
(0.000389050638885 0.0346844531532 0.0557623803463)
(0.000660075637368 0.0345991836957 0.0559903784186)
(0.000720492384404 0.0346698400139 0.0527233585378)
(0.00125521780611 0.0344516003261 0.0534369533079)
(0.0013563122494 0.0346999509458 0.0513851951116)
(0.000550420299042 0.0346614616222 0.0523683756066)
(0.000693501801762 0.0347007173929 0.0520231516492)
(0.00125479678831 0.0345525609269 0.049846900529)
(0.000421638590697 0.0345472309597 0.0505489316084)
(0.00150663398672 0.0345943488909 0.0521503193395)
(0.00145963432393 0.0346980264102 0.0517529355168)
(0.000659642082931 0.0345401827244 0.0519459759463)
(0.00100484461028 0.0345977849034 0.052446635557)
(0.00106269297312 0.034631415443 0.0506901523125)
(0.00157505294046 0.0345553284194 0.0501769634403)
(0.00123932681132 0.0345208360088 0.0500813621249)
(0.00131294474003 0.0346925041178 0.0505623138162)
(0.000625940099152 0.0344758240835 0.0545426612586)
(0.000917071064748 0.0347061667798 0.0547431326328)
(0.000576290218774 0.0346513493182 0.0544584245363)
(0.00029983597805 0.0346389806806 0.0531492305912)
(0.000335954949661 0.0346018003417 0.0502596575541)
(0.000659866992548 0.034604405521 0.0508255905871)
(0.00104501771175 0.0346746418016 0.0515812372981)
(0.00115814062373 0.0345319271266 0.0510739577941)
(0.00112832731731 0.03447668896 0.0514445191127)
(0.00128832523651 0.0346939324554 0.0510286695536)
(0.00109998295587 0.0344354590338 0.0554121014103)
(0.000873477535247 0.0345160561964 0.0513098096689)
(0.00129956428339 0.0346175851122 0.0518671966426)
(0.00131125007586 0.0345401163276 0.0515004028296)
(0.000694041063788 0.0346862233306 0.0539902817684)
(0.00137773314597 0.0344349361021 0.0522769571925)
(0.00102555905683 0.034635508029 0.0550120262113)
(0.00113486597335 0.0346844350214 0.0519801001609)
(0.000657905154486 0.0346280160036 0.0522082007139)
(0.000854792256643 0.0345597135519 0.0558367153999)
(0.000693695791173 0.0346476082461 0.05525853667)
(0.000572644956108 0.0346287036758 0.0554215216545)
(0.00105468111626 0.0346304076077 0.055622005838)
(0.000891681497738 0.0346262843345 0.0553884197907)
(0.000836048162486 0.034725386485 0.0510926808957)
(0.00052497218158 0.0345285949698 0.0503280074972)
(0.00101418138088 0.0345090791437 0.0545118113758)
(0.000958168540353 0.0343813393846 0.0548467506842)
(0.000922179670245 0.034586204498 0.0505389189395)
(0.000594515423102 0.0347113342594 0.0504904763873)
(0.000983123478273 0.0346300014675 0.0511455577115)
(0.00100365201725 0.0346097655435 0.051367457715)
(0.000637699601458 0.0346215795044 0.0530495090391)
(0.000958832965202 0.034496939104 0.0531276544502)
(0.00140062359335 0.0344214390423 0.0559588857093)
(0.00145095060895 0.0345850309393 0.0558695942166)
(0.00151119936576 0.0345422308388 0.0556720719786)
(0.00128869400677 0.0346079262758 0.0552455376328)
(0.00095702714801 0.0345179185565 0.0496702091909)
(0.000983745744955 0.0343890963571 0.049639356353)
(0.00125928183946 0.0347269700276 0.0498632092383)
(0.00143119843773 0.0347234070209 0.0500179485222)
(0.00051120693739 0.0344162401172 0.0550348081692)
(0.000707202130962 0.0346026661339 0.0549538193975)
(0.000388842295327 0.0345960949192 0.0564060389545)
(0.00163316136399 0.0345905991463 0.0498679189951)
(0.000621623248402 0.0344539226752 0.051581707471)
(0.00106305321936 0.0346967941523 0.0530374856358)
(0.000594557506628 0.0345469987154 0.0533559009888)
(0.00139678579327 0.0345730481346 0.0566203670484)
(0.00102656373805 0.0345450992255 0.055951938003)
(0.00124653947273 0.0346217924261 0.0560318658699)
(0.000418667378735 0.0346037918193 0.049755529713)
(0.00111928805275 0.0345875955055 0.0547438403538)
(0.00127941578288 0.0345026973497 0.0547859577963)
(0.000668328568063 0.0346307839107 0.049856819049)
(0.000836035538056 0.0345102555211 0.0499402617485)
(0.000765804823972 0.0346515510389 0.0497509436803)
(0.000215289203583 0.0346772621597 0.0496457567166)
(0.00119391335415 0.034563532093 0.0557177637594)
(0.00073047093005 0.0346884018445 0.0532252049283)
(0.000589008253737 0.034550496308 0.051763579795)
(0.00147454570481 0.0345541464293 0.0497381527475)
(0.000746698553075 0.0345611525642 0.0547897998045)
(0.000865380948685 0.0345816452446 0.0550388477441)
(0.00141027909146 0.0345666248807 0.0499253156676)
(0.00125435430691 0.034592000415 0.0554817573224)
(0.00111281919763 0.0345853816403 0.0553358596058)
(0.00148809109539 0.0345446291092 0.0553393816368)
(0.00121541223058 0.0345858683588 0.0545174296364)
(0.000717294258686 0.0346012625293 0.0509833356443)
(0.0008179905022 0.0345560786481 0.0552163887881)
(0.000896044583208 0.0345906966133 0.0556902468881)
(0.000725416614508 0.0345582282896 0.0555422263935)
(0.000917915440506 0.0345847858965 0.0548493470156)
(0.00101825106691 0.0346063241438 0.0552019423698)
(0.00117057700728 0.0344366708549 0.0521876019882)
(0.00046068726184 0.0347632093223 0.0544523868941)
(0.0011978064316 0.0344952185499 0.0506434547236)
(0.00161437508512 0.0347116763575 0.0518489543543)
(0.00132368736936 0.0346737178536 0.0520937363418)
(0.000511544775954 0.0344492481901 0.0560668881668)
(0.000355843587214 0.034589184137 0.0555464205579)
(0.00119054608912 0.0347125657664 0.0526367671602)
(0.000525998272088 0.0344890361544 0.0539135369761)
(0.00146728265232 0.0345567457435 0.055147878299)
(0.000506483978671 0.0344545601997 0.0499139591879)
(0.0013988044033 0.0344234756029 0.0496145147068)
(0.00158434678512 0.0347441963547 0.0496263161945)
(0.000663261599535 0.0346243513854 0.0513882855434)
(0.000306108854791 0.0345978266022 0.0516349580093)
(0.00139831230728 0.0343843040653 0.0563671604064)
(0.00157165721964 0.0345453538838 0.0560747282222)
(0.000652921207909 0.0345353849437 0.0496305215685)
(0.000349511622454 0.0346284226047 0.0543655588287)
(0.00165622479274 0.0345097149737 0.0547854849769)
(0.00166174440789 0.0343902209705 0.0550307533724)
(0.000960420375133 0.034681359206 0.0536289281647)
(0.00133842276739 0.0344135238585 0.0499977135187)
(0.000916110452077 0.0345006327851 0.0538444309235)
(0.000201790485086 0.0346206548453 0.0542018109395)
(0.00109375123174 0.034694677682 0.0509881486234)
(0.00171353223984 0.0346261870694 0.0514667598765)
(0.000350397560064 0.0345791967437 0.052279133993)
(0.000103689453804 0.0347447193435 0.0557059523634)
(0.00156104574077 0.0346996499124 0.0550557651048)
(0.000664461202972 0.0347792822389 0.0555608794173)
(0.000580714073622 0.0344676594973 0.0512773905087)
(0.00128571137123 0.0344620291523 0.0531828866379)
(0.00129868419081 0.0344761744464 0.0529389445327)
(0.00156028603034 0.034595084183 0.0516516981867)
(0.00114326975222 0.0347333712005 0.0544651583222)
(0.00106098111274 0.0346122601569 0.0554586295256)
(0.000857315817939 0.0348023278853 0.0554262264745)
(0.000155198599142 0.0344902545953 0.0521307809217)
(0.00162125466778 0.0346087413843 0.0555488497331)
(0.0013963337196 0.0345504274998 0.0500880628778)
(0.00168552632803 0.0345091003497 0.0554047440918)
(0.00112271843808 0.0346723152142 0.0558368041228)
(0.00179550218499 0.034403029128 0.053507102424)
(0.000807910645879 0.0344096513756 0.0567898538267)
(0.000331818997444 0.0345981282862 0.0526203233342)
(0.00041550876273 0.0344543657771 0.0515079553655)
(0.000871278721356 0.0344318636121 0.0559967893886)
(0.00176630098819 0.0346603014934 0.0546720079847)
(0.00150515358092 0.0345189848186 0.0546971980819)
(0.00137752220585 0.0346164334722 0.0503918735677)
(0.000177265168143 0.0345889487428 0.0557591086203)
(0.00156610334966 0.0345374355276 0.0549919161006)
(0.00100131458389 0.034447277254 0.0567663227965)
(0.000390578137658 0.0347362895799 0.0526862095084)
(0.00181828587778 0.0347022689117 0.0501950026169)
(0.00108718190507 0.0347678836587 0.0493930905629)
(0.00149685338234 0.0343665518423 0.0550130507732)
(0.00120402392441 0.0347718621852 0.0561908913476)
(0.00180225965756 0.0343362361352 0.0547496851501)
(0.00178412746664 0.0346865461433 0.0494821051254)
(0.000149748911345 0.0345141730541 0.0503348621125)
(0 0.0343 0.05155)
(0 0.0343 0.05535)
(0 0.0343 0.05455)
(0 0.0343 0.05075)
(0.00188777988099 0.0342480114331 0.0569)
(0.00165207594368 0.034260190383 0.0569)
(0.000944384341934 0.0342869966345 0.0493)
(0.00118030920426 0.0342796859697 0.0493)
(0.000708410774407 0.0342926836829 0.0493)
(0.00141618536539 0.0342707516552 0.0493)
(0.000472393806627 0.0342967468441 0.0493)
(0.000944375323579 0.0342869968829 0.0569)
(0.000708387129483 0.0342926841713 0.0569)
(0.000472365383639 0.0342967472356 0.0569)
(0.000236321264883 0.0342991858833 0.0569)
(0.000236347191707 0.0342991857047 0.0493)
(0.00118032421352 0.0342796854529 0.0569)
(0.00165202013229 0.0342601930742 0.0493)
(0.00188777988099 0.0342480114331 0.0493)
(0.00141622991078 0.0342707498144 0.0569)
(0 0.0343 0.0569)
(0 0.0343 0.0493)
(9.30019778991e-19 0.0343 0.0495422411299)
(1.00210534187e-18 0.0343 0.0517999986666)
(9.90815363467e-19 0.0343 0.0520499994142)
(9.79525385068e-19 0.0343 0.0523000001617)
(8.44497300968e-19 0.0343 0.055608331377)
(6.75598633941e-19 0.0343 0.0558666638884)
(5.06699966914e-19 0.0343 0.0561249963999)
(9.68235406668e-19 0.0343 0.0525500009092)
(8.8920561306e-19 0.0343 0.0543000049198)
(9.0049553627e-19 0.0343 0.0540500053943)
(9.1178551467e-19 0.0343 0.0538000046468)
(9.23075493069e-19 0.0343 0.0535500038993)
(8.82415315036e-19 0.0343 0.0505084516209)
(8.94316413577e-19 0.0343 0.0502668993523)
(9.06217535382e-19 0.0343 0.0500253466115)
(9.18118657186e-19 0.0343 0.0497837938707)
(9.56945428268e-19 0.0343 0.0528000016567)
(9.34365471469e-19 0.0343 0.0533000031518)
(3.37801299888e-19 0.0343 0.0563833289113)
(9.45655449869e-19 0.0343 0.0530500024042)
(1.68901921109e-19 0.0343 0.0566416625114)
(0.00188777988099 0.0342480114331 0.0566467488526)
(0.00188777988099 0.0342480114331 0.0495538990706)
(0.00188777988099 0.0342480114331 0.0563934459195)
(0.00188777988099 0.0342480114331 0.0503137989138)
(0.00188777988099 0.0342480114331 0.0500604802886)
(0.00188777988099 0.0342480114331 0.0510737547896)
(0.00188777988099 0.0342480114331 0.0508204361643)
(0.00188777988099 0.0342480114331 0.0505671175391)
(0.00188777988099 0.0342480114331 0.0498071666839)
(0.00188777988099 0.0342480114331 0.0541135782924)
(0.00188777988099 0.0342480114331 0.0538602596671)
(0.00188777988099 0.0342480114331 0.0536069410419)
(0.00188777988099 0.0342480114331 0.0533536224167)
(0.00188777988099 0.0342480114331 0.0561401272942)
(0.00188777988099 0.0342480114331 0.055886808669)
(0.00188777988099 0.0342480114331 0.0543668969176)
(0.00188777988099 0.0342480114331 0.0551268527933)
(0.00188777988099 0.0342480114331 0.0553801714185)
(0.00188777988099 0.0342480114331 0.0548735341681)
(0.00188777988099 0.0342480114331 0.0556334900438)
(0.00188777988099 0.0342480114331 0.0513270734148)
(0.00188777988099 0.0342480114331 0.05158039204)
(0.00188777988099 0.0342480114331 0.0518337106653)
(0.00188777988099 0.0342480114331 0.0528469851662)
(0.00188777988099 0.0342480114331 0.052593666541)
(0.00188777988099 0.0342480114331 0.0523403479157)
(0.00188777988099 0.0342480114331 0.0520870292905)
(0.00188777988099 0.0342480114331 0.0531003037914)
(0.00188777988099 0.0342480114331 0.0546202155428)
(0 0.0349 0.05455)
(0 0.0349 0.05075)
(0 0.0349 0.05155)
(0 0.0349 0.05535)
(3.12441317721e-19 0.0349 0.0543001167691)
(2.8070039765e-19 0.0349 0.0540501280637)
(2.48955790391e-19 0.0349 0.0538001103184)
(3.05671295172e-19 0.0349 0.050508562347)
(2.74563341334e-19 0.0349 0.0502670324094)
(2.43453940611e-19 0.0349 0.050025491238)
(2.12344539888e-19 0.0349 0.0497839500665)
(1.81235139166e-19 0.0349 0.049542408895)
(0 0.0349 0.0493)
(0.000240606990514 0.0348991705958 0.0493)
(0.00048088161275 0.0348966868467 0.0493)
(0.000721111478642 0.0348925493227 0.0493)
(0.000961284336408 0.0348867586976 0.0493)
(0.00192080226958 0.0348471020121 0.0493)
(0.00168117643105 0.0348594843021 0.0493)
(0.0016810497226 0.0348594904127 0.0569)
(0.00192080226958 0.0348471020121 0.0569)
(0.00144134229078 0.0348702241519 0.0493)
(0.00120137392777 0.0348793162302 0.0493)
(0.00024041421131 0.0348991719244 0.0569)
(0.000480581860992 0.034896690976 0.0569)
(2.17211183131e-19 0.0349 0.053550092573)
(0.00144109392454 0.0348702344171 0.0569)
(0.000720767177316 0.0348925564365 0.0569)
(0.00096092391326 0.034886768627 0.0569)
(0.00120103750508 0.0348793278162 0.0569)
(0 0.0349 0.0569)
(-5.00106768519e-21 0.0349 0.0517999683557)
(2.67435395743e-20 0.0349 0.0520499861011)
(5.84881468339e-20 0.0349 0.0523000038464)
(9.02327540934e-20 0.0349 0.0525500215917)
(-3.76638585024e-21 0.0349 0.0556083104859)
(2.92099831996e-20 0.0349 0.0558666472229)
(6.21863522494e-20 0.0349 0.0561249839599)
(1.85466575872e-19 0.0349 0.0533000748277)
(1.21977361353e-19 0.0349 0.052800039337)
(9.51627212992e-20 0.0349 0.0563833206969)
(1.53721968612e-19 0.0349 0.0530500570824)
(0.00192080226958 0.0348471020121 0.0566467001288)
(0.00192080226958 0.0348471020121 0.0563933923384)
(0.00192080226958 0.0348471020121 0.0561400829835)
(0.00192080226958 0.0348471020121 0.0558867736732)
(0.00192080226958 0.0348471020121 0.0556334643622)
(1.28139223882e-19 0.0349 0.05664165848)
(0.00192080226958 0.0348471020121 0.0553801550452)
(0.00192080226958 0.0348471020121 0.0495540472975)
(0.00192080226958 0.0348471020121 0.0498073514356)
(0.00192080226958 0.0348471020121 0.0500606602076)
(0.00192080226958 0.0348471020121 0.0503139694846)
(0.00192080226958 0.0348471020121 0.0505672787617)
(0.00192080226958 0.0348471020121 0.0508205880387)
(0.00192080226958 0.0348471020121 0.0551268457492)
(0.00192080226958 0.0348471020121 0.0510738973157)
(0.00192080226958 0.0348471020121 0.0513272065927)
(0.00192080226958 0.0348471020121 0.054873536471)
(0.00192080226958 0.0348471020121 0.054620227194)
(0.00192080226958 0.0348471020121 0.0515805158698)
(0.00192080226958 0.0348471020121 0.0525937529778)
(0.00192080226958 0.0348471020121 0.0523404437008)
(0.00192080226958 0.0348471020121 0.0520871344238)
(0.00192080226958 0.0348471020121 0.0518338251468)
(0.00192080226958 0.0348471020121 0.0531003715319)
(0.00192080226958 0.0348471020121 0.0528470622549)
(0.00192080226958 0.0348471020121 0.0533536808089)
(0.00192080226958 0.0348471020121 0.0536069900859)
(0.00192080226958 0.0348471020121 0.0538602993629)
(0.00192080226958 0.0348471020121 0.05411360864)
(0.00192080226958 0.0348471020121 0.054366917917)
(6.03659905952e-19 0.0345999786188 0.05075)
(4.88425843667e-19 0.0345999440457 0.05535)
(6.11049373218e-19 0.0345999921254 0.05455)
(4.88403945789e-19 0.0345999565572 0.05155)
(1.07149896138e-19 0.0346990283801 0.0569)
(5.34151754508e-20 0.0344989191936 0.0569)
(0 0.0345999989659 0.0557374898344)
(0 0.0345999989659 0.0562541577965)
(0 0.0345997424968 0.0566820947494)
(0 0.0345999989659 0.0559958238155)
(0 0.0345999719575 0.0555437440053)
(0 0.0345999989659 0.0564479092136)
(0.00154422062559 0.0346024449047 0.0569)
(0.00169014053245 0.0344333886169 0.0569)
(0.00172820515581 0.0346065862104 0.0569)
(0.00190982533105 0.0346479589235 0.0569)
(0.00107062407187 0.0345832277089 0.0569)
(0.000596566285822 0.0345946513116 0.0569)
(0.000199484990925 0.0345988297779 0.0569)
(0.00130860450736 0.034574219957 0.0569)
(0.000833595178847 0.0345889395103 0.0569)
(0.00189884597219 0.0344487719252 0.0569)
(0.000417467013904 0.0345969153568 0.0569)
(0 0.0346319979532 0.0499511688313)
(0 0.0345999989659 0.049723486416)
(0 0.0344572012432 0.0499036299511)
(0 0.0344582261912 0.0500560525451)
(0 0.034627867225 0.0501608824601)
(6.80742005528e-19 0.0344979032771 0.0493)
(4.16846852879e-19 0.0346978387824 0.0493)
(0 0.034604640974 0.0504103046983)
(0 0.0345994500881 0.0495031650649)
(0.00190007370424 0.0344710453807 0.0547594933475)
(0.00190909188308 0.0346346527458 0.0549354479722)
(0.00189796727733 0.0344328306854 0.054998540813)
(0.00189794657034 0.0344324550203 0.0552200803343)
(0.00190829336961 0.0346201661529 0.0553097273254)
(0.00189798549007 0.0344331611002 0.0554245017018)
(0.00190979474045 0.0346474039502 0.0545780075093)
(0.00189878729629 0.0344477074298 0.0544724526505)
(0.00190864816 0.0346266027432 0.0542859918263)
(0.00190635876596 0.0345850686671 0.0565147876513)
(0.00190705815414 0.0345977569336 0.0567100355402)
(0.00189741900313 0.0344228839215 0.0566783924587)
(0.00191136917402 0.034675967248 0.0547580420701)
(0.00190393561582 0.0345411079942 0.0540286863111)
(0.00189744583123 0.0344233706356 0.0542334409398)
(0.00190534385598 0.0345666562191 0.0555939163209)
(0.00190687976209 0.0345945205537 0.0551128648009)
(0.00189865998549 0.0344453977635 0.0493)
(0.00190965129331 0.0346448015392 0.0493)
(0.00190429101837 0.03454755569 0.0560134463012)
(0.00190429101837 0.03454755569 0.0499339159578)
(0.00190429101837 0.03454755569 0.0509471725672)
(0.00190429101837 0.03454755569 0.0534803122282)
(0.00190429101837 0.03454755569 0.0504405423999)
(0.00190429101837 0.03454755569 0.0524670556188)
(0.00190429101837 0.03454755569 0.0519604254514)
(0.00190429101837 0.03454755569 0.0514537990093)
(0.00190429101837 0.03454755569 0.0529736820608)
(0.00190425691322 0.0345469369561 0.0495139030197)
(0.00190429101837 0.03454755569 0.0501872291788)
(0.00190429101837 0.03454755569 0.0562667595223)
(0.00190429101837 0.03454755569 0.0537336254492)
(0.00190429101837 0.03454755569 0.0532269971445)
(0.00190429101837 0.03454755569 0.0506938574836)
(0.00190429101837 0.03454755569 0.0512004857883)
(0.00190429101837 0.03454755569 0.0522137405351)
(0.00190429101837 0.03454755569 0.0527203688398)
(0.00190429101837 0.03454755569 0.0517071122304)
(0.00190429101837 0.03454755569 0.0497439438477)
(0.00190429101837 0.03454755569 0.0558234611526)
(0.00171661092158 0.0345610933427 0.0493)
(0.00156985456124 0.0344138159417 0.0493)
(0.00151555863732 0.0346284476678 0.0493)
(0.00132798045489 0.0346758162775 0.0493)
(0.00135762557936 0.034456579153 0.0493)
(0.00111170315564 0.0345597521524 0.0493)
(0.000618796419965 0.0347007834572 0.0493)
(0.000753896624723 0.0346950269021 0.0493)
(0.000638957027122 0.0345081602623 0.0493)
(0.00084598215503 0.0345228424114 0.0493)
(0.00044492624271 0.0345964421884 0.0493)
(0.00173862909559 0.0344032249595 0.0493)
(0.000199624158808 0.0345985467552 0.0493)
(0 0.0345999989659 0.0519249923527)
(0 0.0344501778654 0.0520791151503)
(0 0.0346249995254 0.0521854134446)
(0 0.0344264373139 0.0518330533823)
(0 0.0345999989659 0.054175067693)
(0 0.0345999989659 0.0524250008166)
(0 0.0345999989659 0.0536750499159)
(0 0.0345999989659 0.052925022319)
(0 0.0345999989659 0.0539250588045)
(0 0.0345999989659 0.0526750115678)
(0 0.0345999994109 0.05344047094)
(0 0.0345999995044 0.0531584282977)
(0 0.0347622408558 0.0518267685806)
)


// ************************************************************************* //
